148
119
40
304
81
68
34
372
196
145
57
60
426
29
106
39
43
128
166
282
93
68
58
37
30
831
356
32
31
48
30
40
51
48
37
83
49
189
29
66
64
97
44
53
34
60
79
147
39
46
44
30
74
44
145
249
79
51
284
47
48
65
36
93
57
63
82
50
58
247
59
31
95
50
90
89
55
31
466
70
53
44
41
89
265
94
31
134
372
187
148
190
32
73
268
92
63
196
35
37
234
37
41
133
70
205
140
34
147
421
53
663
49
181
118
32
39
44
81
98
479
33
156
45
27
52
49
126
52
40
55
113
35
48
33
40
222
41
203
84
28
36
47
96
60
94
44
81
41
66
55
33
43
33
30
63
303
140
62
113
341
32
169
31
40
28
68
34
37
80
32
301
33
100
35
60
56
68
302
84
34
50
53
132
36
54
127
371
492
32
40
49
39
51
69
46
97
290
50
154
34
87
39
56
128
87
29
193
130
47
410
446
116
140
132
76
43
59
237
59
116
47
140
62
28
90
143
29
37
85
85
60
58
39
36
84
47
55
167
42
318
35
182
36
58
67
112
39
174
63
28
32
32
62
90
71
48
124
70
42
675
258
50
29
38
37
32
109
69
28
81
32
109
90
32
68
37
225
62
28
65
31
31
68
90
95
42
53
82
46
43
110
178
200
50
35
46
238
60
58
41
41
63
33
77
174
28
43
105
45
42
40
101
182
33
59
99
75
241
353
30
32
215
42
290
43
145
33
35
38
28
61
33
60
140
35
137
80
140
34
29
33
44
110
79
124
727
65
164
36
131
39
239
31
35
383
65
111
123
208
36
63
38
45
63
51
886
44
103
56
92
83
34
28
504
92
48
52
639
95
140
59
64
32
102
34
28
30
48
64
184
51
245
126
257
54
81
28
32
35
122
38
79
114
53
74
38
89
30
375
29
39
72
465
95
37
54
68
30
77
673
233
240
144
40
29
41
35
45
454
30
33
55
34
123
344
55
51
73
100
134
39
147
30
62
30
131
76
36
56
526
73
42
192
31
119
53
30
35
100
69
34
192
70
106
72
409
53
195
100
56
92
34
49
61
174
32
90
40
37
37
198
70
32
82
42
224
32
42
36
29
66
30
58
68
274
81
61
123
45
37
125
222
92
48
29
67
70
47
792
58
29
33
65
37
28
76
38
33
121
76
30
457
37
93
55
30
56
215
49
93
157
54
37
126
31
58
72
29
667
35
51
64
147
113
30
740
46
34
50
53
85
66
32
29
49
89
144
256
54
34
123
29
44
100
40
29
171
55
60
58
31
71
161
97
129
49
27
89
211
36
30
72
45
39
325
44
48
50
623
84
138
94
29
94
171
90
51
43
85
179
43
65
77
81
94
216
163
104
693
31
80
129
43
58
39
33
181
249
30
41
65
35
89
65
91
379
74
164
54
268
40
35
332
225
368
75
38
90
54
88
66
32
44
104
43
31
150
212
74
112
53
118
452
233
30
45
40
42
30
50
335
135
66
46
90
185
34
121
30
32
30
76
48
91
182
78
121
31
127
109
83
87
43
56
39
34
332
36
231
117
158
64
58
40
43
105
31
401
33
46
37
92
40
30
79
59
29
324
43
80
30
49
85
37
112
37
63
46
31
79
44
146
132
323
112
30
149
102
34
30
73
41
28
38
84
54
34
36
33
96
168
175
28
33
215
86
42
172
104
37
40
101
198
29
237
221
210
37
30
195
114
132
96
86
28
28
41
33
143
66
74
29
34
40
127
32
134
436
270
33
34
130
37
30
48
80
34
113
110
53
30
41
37
152
65
41
59
36
29
31
43
30
114
574
87
79
37
87
35
294
28
361
51
68
34
48
66
103
45
47
135
56
109
113
97
36
42
84
41
218
28
61
54
122
195
111
118
150
102
33
29
56
39
173
230
376
34
31
72
30
31
50
28
64
85
76
1030
70
64
73
129
84
71
85
29
57
72
29
48
209
37
46
29
30
51
105
81
45
119
87
28
117
343
754
74
28
194
343
28
485
103
96
704
87
2059
49
84
45
267
97
67
82
55
41
73
28
32
66
62
121
127
31
457
173
40
28
47
45
72
101
57
59
30
55
84
74
59
135
29
35
146
60
81
249
35
376
36
96
41
94
47
55
35
200
43
214
178
74
229
181
34
332
51
28
792
39
185
127
33
81
102
60
64
40
141
215
44
29
122
53
28
60
35
38
32
54
389
55
40
151
44
33
40
30
64
37
142
62
95
100
36
30
35
36
2350
57
134
35
41
47
427
28
46
38
28
31
31
81
30
60
292
46
48
80
223
49
76
233
135
62
169
101
534
191
40
114
34
307
44
31
30
72
70
83
310
35
36
55
104
50
81
87
267
127
200
30
54
38
386
277
28
31
411
39
240
79
209
175
33
33
193
81
45
61
53
41
42
193
168
33
77
348
106
52
68
30
492
59
96
42
57
45
31
114
242
62
68
41
48
104
38
91
210
41
33
28
257
255
399
38
127
56
32
29
35
42
28
55
35
46
282
158
187
324
172
53
124
256
101
37
175
98
363
32
37
151
55
81
58
92
41
91
114
168
291
53
33
66
80
39
80
148
43
91
333
34
32
293
851
40
152
62
102
35
49
41
142
48
408
47
149
482
31
126
33
346
149
69
57
120
55
60
350
75
60
30
607
39
49
33
29
112
190
237
102
155
28
161
35
107
2039
30
42
176
47
2350
57
109
28
49
28
74
109
54
247
28
185
65
34
71
54
88
45
52
71
344
165
143
30
33
33
88
466
47
35
250
42
28
200
98
87
28
37
115
33
30
206
28
251
85
31
36
43
29
106
44
39
108
143
50
64
289
55
188
54
133
36
118
34
33
29
43
42
47
88
101
76
330
50
80
216
36
54
34
36
108
31
209
29
75
62
136
91
35
187
39
46
48
55
89
36
234
37
29
136
88
98
129
86
87
36
33
33
48
66
29
151
200
40
33
36
30
56
55
32
46
152
190
34
133
62
46
147
44
28
28
60
29
54
38
42
194
29
203
62
49
35
89
75
62
58
43
127
31
214
39
492
64
40
113
91
1008
81
118
40
47
33
63
102
38
75
45
371
38
244
52
192
56
57
65
66
32
38
35
59
29
158
115
45
29
71
31
49
31
61
32
70
50
29
63
35
38
39
45
235
50
109
72
76
161
51
522
45
133
28
92
94
33
31
251
55
74
87
349
27
166
58
53
41
39
88
31
87
65
73
67
34
39
54
132
30
74
29
54
206
116
37
46
187
28
388
29
209
669
72
116
69
71
49
50
55
34
42
45
61
53
87
208
155
101
888
120
265
87
96
39
31
131
93
138
57
117
256
33
344
160
58
109
269
31
59
52
136
1010
38
74
30
49
30
36
43
45
428
155
136
216
62
55
52
82
308
42
144
34
103
89
61
122
88
69
51
166
38
105
34
31
79
430
47
51
346
29
34
164
40
30
84
105
37
34
131
30
33
321
44
125
93
59
84
679
62
28
63
40
150
28
89
81
28
104
48
31
37
55
55
103
440
281
157
36
29
44
93
28
32
35
282
41
146
62
579
36
87
37
117
30
35
60
157
435
41
38
210
33
37
37
350
144
53
32
195
27
41
39
115
55
60
41
60
281
186
67
102
-1
157
42
81
96
29
165
31
148
33
36
99
87
46
65
38
47
51
324
273
47
44
76
30
35
33
341
87
45
65
423
51
65
31
56
34
65
43
36
131
55
54
187
90
68
66
56
40
50
43
1010
128
37
36
69
36
27
31
36
230
127
69
152
102
29
40
500
28
84
58
35
142
114
165
28
253
46
39
46
67
74
39
30
187
107
30
424
33
29
42
446
44
87
71
95
144
124
99
40
182
40
41
60
45
28
28
254
31
31
105
37
60
214
227
135
46
36
39
137
148
55
76
183
64
102
80
36
32
51
45
125
59
171
28
71
42
30
134
44
91
266
35
52
91
155
177
43
212
126
36
108
52
29
36
45
107
29
39
28
41
65
30
274
606
35
173
58
45
50
140
34
174
68
41
50
154
43
40
87
93
32
31
41
36
110
111
28
137
30
41
34
55
382
56
51
46
126
114
136
30
31
71
36
268
31
39
30
132
121
60
35
47
61
161
31
77
42
602
31
45
148
145
31
44
34
64
180
174
382
761
128
42
49
191
101
114
32
162
28
32
49
135
40
163
49
36
43
77
57
82
1285
32
28
35
36
30
89
55
42
29
221
87
40
69
253
40
255
43
31
35
100
29
101
44
31
95
61
131
101
328
69
35
144
33
29
36
52
49
85
40
105
100
57
79
47
32
29
408
38
30
284
32
611
44
28
28
44
43
127
34
28
38
535
51
34
39
44
202
54
86
65
41
41
75
47
132
58
90
246
264
155
33
40
109
71
349
55
203
39
158
66
31
34
73
92
47
57
61
86
31
30
30
64
373
55
292
75
104
83
105
234
45
81
33
41
179
70
36
27
217
30
510
67
147
160
40
36
28
162
29
457
131
36
57
39
85
155
30
62
66
29
46
60
111
35
102
280
168
32
60
105
33
34
37
155
60
69
42
56
126
194
159
30
255
29
43
70
33
66
89
29
64
76
120
48
76
63
57
35
406
303
46
149
95
145
158
77
53
216
92
115
81
33
199
30
39
110
74
37
28
59
98
30
38
43
49
28
133
46
40
35
33
36
49
41
631
103
149
97
215
34
55
68
67
46
129
49
54
57
155
100
500
96
32
187
64
63
101
102
35
40
54
38
62
96
50
59
46
54
33
68
33
197
38
195
135
201
67
713
110
68
297
39
55
55
31
62
605
128
40
50
53
31
183
61
37
51
44
65
441
51
116
71
38
303
54
59
38
34
87
40
369
62
40
31
30
106
78
37
39
400
32
51
50
28
71
35
60
500
28
341
407
56
182
78
162
30
73
35
58
45
118
47
436
548
31
126
46
233
90
76
39
35
59
130
28
178
291
37
49
28
30
76
50
44
66
88
60
117
70
133
184
39
31
191
53
52
74
79
413
419
43
190
327
455
104
29
59
30
43
28
32
111
76
37
192
37
153
40
40
40
146
136
253
42
62
61
110
120
113
41
42
44
274
29
68
349
470
31
79
32
40
929
40
44
590
31
75
39
367
55
51
262
48
32
37
161
82
32
60
84
143
31
51
53
114
105
170
2176
32
46
46
145
121
28
434
63
114
53
99
33
40
50
620
106
150
39
39
69
58
56
52
115
40
74
109
131
126
29
33
75
196
51
47
195
46
41
33
165
31
37
66
374
45
28
59
29
61
161
192
48
38
124
174
93
31
37
43
40
82
36
78
37
118
77
77
53
29
36
37
55
40
187
29
130
36
47
30
50
57
29
46
57
255
50
33
45
187
249
260
30
52
52
102
41
85
106
82
219
72
43
30
200
194
42
472
27
117
121
53
34
73
30
36
34
33
74
167
252
119
29
29
64
64
40
352
169
28
172
29
82
77
114
40
50
75
46
97
37
89
61
32
42
43
29
29
50
64
36
60
225
28
57
47
82
314
206
27
675
67
30
28
32
74
94
34
51
239
31
42
136
77
46
54
52
31
38
117
28
30
46
42
51
42
62
44
163
65
167
58
43
129
85
177
33
53
32
170
44
122
593
51
73
34
68
86
33
117
49
45
606
52
92
39
36
42
135
34
44
50
62
43
88
153
662
369
62
46
93
323
101
81
64
62
79
58
29
39
53
163
115
63
92
41
28
31
125
46
31
28
49
53
49
38
49
38
457
32
44
34
73
39
55
158
29
133
44
121
84
28
100
43
56
214
55
60
34
62
28
58
72
60
191
103
168
45
170
75
285
72
31
134
30
531
47
61
50
84
35
33
38
313
29
74
1027
193
295
81
170
44
989
135
32
113
160
92
36
100
63
50
83
53
144
87
58
109
507
109
104
144
256
70
53
91
132
73
39
69
34
28
72
85
92
135
71
29
104
31
56
125
371
200
72
117
28
30
35
66
42
61
40
126
545
31
66
29
206
28
86
32
31
49
32
83
30
55
34
64
87
340
28
131
43
34
94
31
37
56
37
277
34
42
37
71
30
32
28
153
33
103
96
80
70
274
43
111
128
41
88
121
68
34
252
100
50
121
34
52
37
29
39
88
30
189
98
52
172
30
69
60
31
55
97
201
38
204
203
94
36
55
49
95
57
41
937
849
51
94
61
233
110
47
62
324
40
260
30
191
28
51
35
131
40
61
39
39
32
42
28
144
53
73
139
52
48
210
32
162
59
30
112
36
62
453
120
361
257
68
129
30
432
69
41
94
42
38
144
96
51
244
41
34
75
255
28
42
135
85
129
246
103
33
31
223
91
206
356
69
66
29
30
132
225
150
63
181
35
57
117
41
48
122
57
43
40
62
38
434
39
228
102
163
37
30
33
43
172
143
29
59
108
60
36
30
45
33
43
39
39
54
554
40
36
115
31
177
29
46
91
40
79
29
81
371
41
60
33
78
89
57
102
78
212
29
270
82
157
361
64
31
81
126
381
32
69
31
39
50
58
39
164
31
30
38
85
35
75
65
53
88
510
123
79
30
32
58
71
53
70
61
44
50
46
41
365
36
47
221
108
158
32
157
71
41
33
201
41
44
68
180
100
78
89
122
148
55
35
71
152
127
69
121
53
33
99
177
34
63
41
42
289
28
115
30
69
109
102
48
506
62
90
356
30
75
51
44
30
145
102
28
239
62
37
92
30
27
137
215
41
31
28
50
94
31
108
51
33
60
44
29
57
505
30
222
58
167
143
108
43
30
31
51
28
77
35
335
33
78
36
49
32
39
100
62
44
42
50
110
64
52
141
94
144
28
184
28
31
89
49
336
48
41
40
51
117
90
38
36
198
46
234
44
140
348
110
38
73
84
33
75
169
441
174
32
118
46
40
270
127
37
51
167
69
33
203
61
191
96
83
33
116
36
65
-1
69
829
88
305
71
44
29
50
155
42
30
100
50
62
41
157
42
45
249
40
45
51
51
34
39
404
37
32
39
53
40
57
122
49
541
62
35
32
39
94
49
65
215
56
37
122
79
107
69
38
58
34
43
31
109
76
148
249
60
148
46
162
41
91
75
325
195
30
32
46
32
28
30
76
41
28
149
81
31
142
89
140
35
50
309
28
41
28
55
174
144
102
200
51
72
91
256
70
265
66
51
31
30
82
29
60
29
31
28
58
411
67
56
35
34
28
64
54
51
41
110
103
195
270
35
80
38
230
46
34
271
98
39
372
35
145
70
54
46
145
75
70
137
36
29
162
153
119
65
29
50
59
50
69
35
78
2022
220
927
74
57
54
74
31
168
41
63
31
111
66
49
394
28
30
564
32
36
45
264
222
632
140
43
43
139
96
70
111
102
30
31
240
32
59
54
166
98
253
207
42
84
40
71
65
47
31
34
524
76
154
232
64
28
66
27
-1
44
76
31
113
31
60
32
106
351
239
42
52
38
90
80
88
46
369
148
128
114
41
29
595
39
82
41
357
51
69
39
28
37
60
40
46
60
53
28
43
50
53
65
76
63
45
212
45
182
41
114
40
104
48
57
77
91
49
170
92
153
32
257
147
210
59
72
141
80
103
66
438
98
48
99
28
399
41
49
959
74
45
194
41
87
57
149
40
50
40
48
31
59
78
348
125
35
40
46
40
51
77
39
50
142
62
98
51
125
119
34
194
41
72
44
233
58
132
82
371
39
50
38
31
92
31
29
64
57
61
28
159
38
28
114
150
28
54
162
55
119
36
255
30
204
63
28
89
34
46
32
59
40
52
30
39
59
515
29
61
67
36
36
38
33
138
125
111
36
34
29
28
35
114
30
66
99
67
52
55
84
106
68
37
28
240
34
60
188
307
48
115
38
221
30
436
29
35
233
65
33
278
115
112
88
48
74
32
60
34
208
79
627
164
30
84
32
75
29
36
30
45
33
66
105
57
223
74
31
32
82
30
79
30
44
49
355
119
45
58
41
162
42
30
54
154
38
31
40
54
31
133
80
41
35
39
289
68
620
93
109
61
37
662
34
42
58
34
31
211
52
116
33
788
35
78
40
44
30
222
198
95
40
31
200
46
94
34
46
859
315
37
64
223
41
46
59
280
67
239
32
213
50
41
39
47
120
679
40
72
50
68
116
29
35
50
63
102
73
31
28
62
188
87
85
50
50
110
175
28
28
93
62
171
157
431
117
47
194
37
67
36
44
28
29
57
29
44
91
74
111
41
157
118
156
72
56
84
36
59
50
88
32
30
108
69
32
30
109
96
84
35
320
421
40
458
50
199
39
32
36
37
42
354
66
51
335
36
46
151
30
103
110
41
352
53
62
46
71
48
95
89
195
95
58
114
34
53
260
38
73
33
56
29
40
110
210
253
321
158
62
53
38
79
37
33
48
646
34
36
639
85
438
35
45
137
115
61
64
37
33
29
35
42
124
35
196
54
31
123
49
37
31
42
106
363
112
29
98
162
193
60
103
133
768
156
68
31
239
51
74
47
43
29
78
45
194
37
49
30
62
31
541
51
125
32
145
30
275
43
145
41
33
47
32
31
472
91
43
46
79
73
28
74
98
64
37
67
55
31
162
161
50
31
29
81
788
61
104
53
41
100
109
85
65
39
77
142
175
35
80
606
117
49
55
40
53
71
43
666
38
185
28
45
101
39
814
112
369
58
32
36
59
39
35
74
60
31
129
45
71
33
503
57
36
106
51
142
37
52
28
33
33
41
49
200
29
80
41
129
124
105
40
210
356
41
172
149
69
163
177
41
34
34
28
60
1295
28
30
31
63
126
336
365
102
170
66
180
37
29
62
90
29
407
54
121
32
28
39
134
65
104
89
51
55
46
62
46
36
408
40
31
174
49
70
225
258
57
127
40
120
130
36
57
43
98
52
29
34
28
101
44
106
50
52
100
72
34
42
108
154
255
60
37
157
112
901
118
239
81
236
116
32
99
82
28
40
39
34
136
93
34
47
28
29
52
53
69
75
252
46
76
48
675
110
29
32
160
318
267
158
165
31
39
34
65
85
32
152
73
380
196
119
45
43
29
38
186
123
76
80
405
28
45
95
34
32
34
31
131
29
37
66
31
41
41
29
643
38
62
564
82
94
82
179
111
39
31
101
37
28
53
105
45
134
80
33
158
34
194
54
36
39
120
66
176
33
69
95
52
61
78
52
395
498
45
33
32
65
87
37
35
77
39
31
299
156
101
40
28
96
43
57
109
63
52
65
52
239
130
28
239
-1
40
38
30
50
55
36
312
230
29
160
56
45
27
31
64
55
177
66
31
39
51
33
192
39
42
62
101
32
131
100
44
35
34
43
34
38
36
45
51
53
64
113
321
31
42
39
57
895
81
748
30
42
86
31
72
58
28
31
36
365
47
37
66
86
77
264
30
66
57
53
50
36
35
124
75
31
59
51
31
29
106
41
162
43
75
61
36
107
270
29
74
31
454
40
77
51
43
37
43
61
56
41
32
57
57
47
32
50
35
32
86
72
58
69
121
170
37
34
121
70
50
30
31
31
49
59
69
602
49
120
31
989
63
62
129
231
56
85
155
256
64
36
28
226
67
50
59
43
39
348
40
121
466
361
84
33
86
50
74
91
42
39
47
132
28
33
53
50
58
891
35
314
63
28
29
49
54
98
55
60
31
119
575
67
57
152
28
73
28
41
32
104
34
1127
39
314
60
52
219
37
39
46
31
71
127
41
68
32
33
90
37
30
49
395
154
151
206
63
33
80
1188
41
195
108
88
81
76
30
76
307
50
41
50
36
98
44
191
33
54
28
32
255
33
104
244
95
72
86
81
68
363
28
122
104
407
48
46
31
103
75
79
258
126
57
156
186
788
42
101
234
180
98
38
79
63
687
35
46
107
232
31
74
48
40
60
71
46
89
163
199
32
331
63
67
151
74
114
28
54
121
39
31
138
37
100
49
110
51
128
74
137
30
41
36
44
222
42
37
315
66
49
69
74
83
54
42
313
455
29
151
40
69
33
58
149
55
108
80
404
526
33
28
83
42
102
28
32
53
29
124
30
54
49
138
28
70
73
57
34
90
50
32
29
225
210
69
194
76
57
258
28
54
30
293
46
29
136
40
36
45
35
30
86
37
66
34
39
38
29
348
90
37
87
1896
29
203
62
72
81
199
407
55
34
85
135
85
50
45
50
34
91
105
48
28
31
187
51
61
-1
43
99
93
40
215
67
37
320
140
81
71
44
176
30
30
66
219
33
39
38
149
89
81
190
29
36
30
30
87
34
47
55
71
41
177
101
233
67
179
196
173
181
28
146
64
29
61
39
36
48
100
432
44
32
71
61
53
125
77
67
42
31
34
57
38
76
34
191
80
59
39
292
126
151
32
62
168
74
71
33
50
152
51
53
39
319
188
29
44
35
317
30
29
30
569
111
40
70
149
245
83
32
150
712
47
237
33
36
39
31
40
41
35
167
33
46
64
49
97
152
142
163
59
44
35
187
33
43
45
83
53
59
124
387
81
113
209
60
133
84
65
31
48
524
108
80
31
112
46
61
100
157
135
52
53
42
40
32
90
78
37
29
42
30
46
40
151
62
54
31
47
39
169
37
63
83
91
55
28
33
159
34
107
99
73
29
41
99
39
60
30
34
38
55
80
53
92
29
106
166
83
31
47
41
132
96
180
249
39
38
63
40
46
168
159
70
33
101
57
367
110
36
66
76
29
28
140
110
58
70
120
82
33
115
181
32
33
92
90
31
121
93
70
64
100
75
36
40
195
77
70
51
86
41
44
94
32
255
63
36
33
42
197
37
144
63
1438
44
81
67
69
186
55
56
290
428
103
28
37
30
49
38
106
65
28
36
71
57
29
113
170
114
104
38
235
108
34
137
47
68
38
84
42
71
77
147
29
100
35
40
28
343
45
62
458
141
30
53
264
32
181
81
58
51
111
146
59
29
53
67
101
50
150
50
47
462
28
122
33
97
61
54
28
180
57
83
35
71
34
38
94
28
115
29
212
59
62
53
60
54
58
46
422
28
119
142
55
72
100
70
66
405
54
29
45
135
75
29
70
40
237
62
100
135
40
99
128
40
153
30
87
49
69
82
84
48
44
70
32
47
52
29
32
35
89
39
62
71
110
41
35
165
290
31
159
251
285
245
29
28
125
80
93
52
363
427
176
142
30
368
61
201
30
240
223
50
68
63
245
380
43
40
90
47
1425
35
84
32
40
260
102
94
52
58
43
92
1438
42
31
72
34
31
92
69
87
352
66
245
30
128
35
28
43
32
28
47
70
36
54
959
53
590
96
45
34
49
35
140
44
36
30
75
47
221
35
29
40
70
417
146
37
126
28
287
92
89
46
538
45
28
162
29
179
56
29
462
1105
102
109
40
33
217
69
201
200
73
32
211
29
65
142
45
55
107
443
43
67
151
29
77
53
67
41
43
43
30
884
54
29
171
89
80
194
31
34
59
361
132
56
28
42
60
207
55
212
85
29
65
81
154
43
30
31
48
153
30
40
32
50
55
38
228
56
195
29
203
61
57
34
52
75
41
32
120
51
31
78
37
175
210
95
179
71
135
51
29
38
118
372
117
38
66
38
251
220
50
85
32
41
69
78
74
58
237
35
70
173
169
219
71
28
30
34
93
39
35
290
547
48
34
82
30
50
29
33
29
60
68
55
122
30
125
340
127
32
47
458
303
37
32
133
90
171
34
107
114
33
31
199
100
56
65
52
90
36
93
179
83
40
29
76
51
31
47
169
207
43
115
44
61
28
116
34
72
141
35
149
30
107
93
139
82
35
47
154
101
89
36
34
133
76
37
53
52
58
122
68
144
40
39
31
43
64
35
44
44
415
73
34
29
29
31
259
40
398
81
49
32
51
79
28
206
29
41
80
37
224
154
112
163
53
34
253
121
29
110
28
48
34
127
117
70
45
176
39
51
27
48
265
677
91
195
37
193
367
42
313
139
252
42
40
30
31
458
371
44
102
54
30
28
33
46
191
71
91
59
30
55
38
38
52
46
56
78
63
30
60
35
180
44
39
-1
74
101
51
34
63
31
98
192
39
33
31
62
42
85
139
50
65
38
49
29
30
34
36
54
216
32
60
30
152
60
45
38
75
162
62
85
210
36
43
161
141
48
52
61
36
188
97
287
118
103
199
55
79
50
288
77
200
101
88
38
133
32
42
66
52
126
72
33
31
93
33
29
53
31
105
31
34
28
131
87
51
111
233
43
73
225
45
165
57
95
33
38
61
31
108
30
30
31
45
35
181
242
42
28
675
465
173
164
74
32
117
43
503
35
41
68
38
66
62
116
29
39
115
171
45
349
82
68
28
43
37
184
62
55
346
84
43
208
39
66
1200
59
48
39
399
32
409
45
65
28
89
109
196
110
61
31
49
451
41
52
28
33
294
119
55
41
65
51
33
32
133
148
61
223
103
30
30
54
342
76
32
46
53
60
119
33
36
44
325
32
42
39
136
36
158
87
70
116
62
28
42
434
114
50
271
98
52
40
56
42
58
74
28
128
43
62
56
32
28
77
42
36
839
49
40
34
177
36
306
28
54
36
195
32
95
305
50
99
43
31
32
42
32
93
45
115
52
63
35
87
112
674
93
192
32
62
492
84
31
71
35
39
140
63
116
59
72
891
45
31
71
74
32
61
28
32
306
53
28
39
176
311
46
37
60
52
165
48
36
70
51
43
79
35
97
98
50
100
583
29
35
92
53
58
102
260
81
71
217
37
48
28
347
30
39
60
153
153
48
30
63
30
208
29
54
465
97
175
81
36
40
108
32
152
42
35
2350
77
67
40
73
136
65
113
58
61
30
141
45
117
91
133
104
211
36
150
500
31
84
111
103
56
144
30
90
33
416
55
88
115
144
48
101
64
208
56
30
30
33
52
214
73
434
96
182
246
38
57
74
37
44
29
31
49
45
480
659
37
830
376
28
37
60
76
90
93
43
84
93
32
70
39
44
29
160
400
35
196
310
89
100
63
43
28
115
79
129
58
36
33
44
113
30
44
44
31
112
500
147
61
178
48
61
30
32
95
95
328
119
79
121
31
179
181
115
40
36
72
38
52
108
65
64
30
80
34
73
143
31
459
39
474
35
28
70
55
29
93
63
53
117
44
93
56
208
49
115
28
55
354
28
46
65
28
128
326
32
130
31
28
188
66
31
129
37
53
46
43
161
94
38
94
33
45
500
45
57
142
69
224
72
73
80
32
110
147
131
76
55
106
76
46
50
35
37
63
75
57
58
693
220
56
195
135
52
29
545
41
57
42
35
52
223
64
107
39
662
49
312
58
67
77
333
564
80
121
37
125
68
93
29
472
85
85
44
320
30
30
58
33
34
179
113
30
30
41
30
28
58
45
52
35
50
48
50
141
53
29
77
67
106
29
86
100
50
37
42
39
50
33
30
73
29
54
28
82
49
45
87
57
41
123
49
183
50
114
37
104
66
34
33
268
385
59
152
121
29
187
42
110
177
44
29
230
83
210
215
154
28
29
258
48
113
90
144
215
161
105
31
175
451
70
56
77
182
150
110
85
33
48
140
57
45
32
37
45
165
105
38
28
65
545
50
99
38
31
38
217
36
142
105
113
29
46
34
145
87
87
78
149
28
89
48
34
203
106
42
57
77
117
112
60
57
57
142
154
31
260
478
201
42
405
62
142
123
38
31
895
35
31
209
41
363
122
43
217
373
182
115
51
77
32
51
76
62
27
30
55
72
177
377
31
72
47
110
32
43
101
52
79
160
312
30
509
201
36
107
41
51
87
30
261
132
643
141
32
42
63
34
51
242
88
210
59
81
154
273
40
43
33
51
110
67
92
39
30
52
32
73
33
29
47
169
48
33
32
206
35
56
79
65
61
86
33
203
36
67
40
48
348
80
42
49
1230
260
45
49
31
129
38
71
328
38
56
174
57
28
54
53
30
193
112
46
43
79
54
85
64
162
102
29
34
70
501
99
59
38
39
55
55
49
117
59
342
30
46
29
65
29
106
67
38
73
182
137
66
37
41
55
32
29
70
94
29
31
1088
86
107
45
36
101
83
204
44
281
62
49
67
115
30
64
30
38
407
57
78
38
100
423
181
325
920
28
83
35
301
54
73
48
30
29
122
31
415
34
31
175
53
112
76
74
129
515
29
126
90
30
165
34
104
292
46
102
160
36
335
265
154
221
80
118
133
36
144
38
28
33
32
40
56
44
33
35
46
78
363
195
33
356
86
144
172
197
60
35
31
361
135
375
51
176
35
39
121
31
100
210
113
38
246
227
48
769
120
90
28
151
111
67
55
98
37
35
205
34
389
29
40
33
35
41
50
114
168
40
34
125
84
46
37
29
57
120
505
96
54
43
94
189
29
121
242
42
406
202
101
151
190
42
51
30
99
80
82
54
93
177
48
252
80
252
61
170
65
58
37
461
302
230
31
359
33
36
35
29
135
41
330
31
42
38
101
51
42
35
1438
55
102
79
115
40
28
30
92
55
95
61
46
36
79
146
127
850
851
33
35
468
58
114
27
42
37
47
249
127
92
60
56
216
178
110
30
36
59
210
33
199
30
41
53
50
142
30
40
29
150
30
144
40
67
77
381
172
35
90
45
32
58
146
36
41
67
116
120
140
45
201
182
302
33
30
54
59
195
34
152
87
28
89
129
30
242
32
79
44
31
32
371
29
41
792
63
32
177
49
60
52
108
303
33
239
30
59
75
28
232
33
49
72
45
56
63
67
134
245
34
63
48
52
32
124
45
44
39
105
58
155
36
35
81
117
40
46
43
36
116
49
38
35
28
57
95
229
42
72
225
72
167
153
33
119
41
41
105
101
68
122
47
84
62
223
47
128
109
1411
58
403
61
50
34
98
102
32
341
492
112
73
81
71
79
34
81
240
42
686
84
90
75
128
32
57
85
74
29
47
48
37
180
77
47
46
29
51
30
92
28
440
48
28
58
310
144
50
42
135
42
120
42
611
79
109
40
82
566
50
160
64
169
84
36
38
53
31
37
128
28
61
56
42
38
52
163
43
290
48
65
69
102
57
129
63
180
146
217
31
27
104
31
33
165
82
40
117
37
91
46
71
71
95
30
274
28
95
118
50
114
52
521
180
111
85
424
36
62
313
52
62
123
96
73
225
29
36
46
203
28
79
106
41
51
33
125
45
188
300
139
29
36
198
64
103
52
182
121
198
33
79
36
53
112
42
66
704
78
108
173
32
234
38
147
46
100
51
39
32
50
87
60
59
28
150
45
67
51
28
359
143
46
62
51
141
45
44
203
91
48
126
56
55
48
51
275
149
275
336
36
201
37
54
45
33
44
139
48
44
241
59
46
101
44
28
31
86
30
36
119
236
33
50
468
47
54
37
144
198
97
240
33
30
42
32
165
37
332
30
165
62
63
93
63
58
144
47
30
30
69
127
50
34
145
33
42
55
44
144
141
30
127
64
74
58
89
140
123
32
37
83
48
43
135
53
37
81
62
114
237
36
292
199
2350
30
31
67
46
53
125
157
226
28
148
34
110
31
28
60
37
115
454
30
29
33
59
37
42
61
34
33
35
39
232
132
81
685
35
39
130
84
38
290
49
167
40
57
69
115
31
59
173
180
32
282
48
230
66
30
27
33
37
120
393
67
186
28
29
523
38
67
45
34
43
29
28
53
164
59
86
70
829
74
37
40
545
36
31
64
54
171
36
29
29
61
39
100
38
146
29
319
271
46
50
34
194
42
241
36
73
50
41
91
30
51
103
94
28
48
90
123
31
32
225
28
53
66
62
31
82
30
185
150
56
337
37
220
176
34
32
106
458
57
39
37
74
1061
131
348
34
37
30
36
34
305
34
45
28
65
67
52
259
52
49
240
135
65
128
102
194
36
50
53
35
54
69
120
112
30
29
242
29
127
47
45
122
85
92
144
71
31
32
70
64
526
132
58
31
36
-1
29
61
28
35
30
32
30
151
86
117
45
35
45
36
28
73
38
61
47
110
50
177
51
49
46
31
58
145
53
57
105
28
134
182
44
66
44
232
38
105
240
31
60
28
64
240
91
44
54
49
105
381
46
71
34
102
53
48
77
144
29
40
46
50
165
29
80
28
120
39
33
57
28
101
118
36
48
37
85
34
432
412
28
67
45
48
30
82
51
98
40
78
29
44
48
35
91
116
293
330
32
45
62
28
45
28
59
81
34
28
281
38
101
120
66
129
35
455
100
32
69
29
36
28
112
73
34
104
31
760
143
57
82
163
188
45
31
29
179
146
31
395
36
57
39
29
172
34
37
29
40
67
39
58
34
81
61
35
49
124
35
50
33
337
104
291
50
31
904
35
64
55
32
111
28
52
62
252
153
36
400
141
63
59
139
43
50
80
35
28
31
657
293
33
31
38
86
63
140
375
96
192
29
34
30
77
152
29
73
583
36
45
84
50
40
52
48
39
38
64
29
130
103
328
48
58
82
65
191
35
62
90
31
115
98
217
191
98
39
112
52
163
56
55
29
68
143
30
62
90
45
150
49
72
390
144
32
77
61
35
45
64
164
101
54
348
126
63
131
58
583
44
123
214
100
43
368
37
201
75
79
38
136
56
31
33
66
167
29
43
30
179
360
57
375
87
44
29
32
43
51
32
54
52
60
47
472
34
57
28
88
28
51
78
49
67
44
61
79
39
344
41
66
30
31
245
36
31
55
54
51
47
268
57
35
31
30
169
91
79
32
36
98
165
56
58
35
202
57
454
301
452
66
113
30
52
129
38
96
99
107
39
28
36
29
43
56
81
53
57
187
139
123
44
34
40
51
32
178
29
250
29
106
30
76
50
313
76
135
32
36
440
163
215
66
81
101
131
179
52
66
82
50
350
112
159
300
92
91
31
71
51
31
96
93
87
31
47
41
30
75
35
40
33
32
92
31
35
100
127
79
67
29
60
44
41
57
304
36
41
43
40
75
93
45
46
32
72
32
63
29
35
34
46
29
240
81
179
53
30
351
72
65
490
281
80
56
58
34
95
101
29
32
29
55
28
30
31
40
81
31
63
66
66
126
59
31
31
40
257
29
133
47
72
29
160
27
32
57
264
44
225
138
129
39
44
49
116
30
413
30
113
35
40
49
37
38
28
32
34
39
131
47
29
100
35
95
357
76
111
84
56
1032
28
61
123
56
36
94
54
33
68
236
247
130
121
68
121
101
136
42
30
40
228
209
88
96
173
33
335
60
31
71
392
32
430
38
507
31
107
200
89
36
145
31
59
42
36
32
106
62
36
56
30
39
49
47
210
320
76
107
31
108
34
36
29
145
161
158
41
331
101
156
152
90
31
43
411
163
32
121
106
252
146
137
564
32
1227
57
35
81
117
76
44
287
83
103
56
77
39
145
819
152
55
185
46
43
32
29
152
42
41
135
433
119
29
100
29
45
41
93
52
51
40
135
55
81
31
49
55
29
78
185
247
83
66
43
79
37
44
34
128
196
74
40
395
100
70
46
121
35
212
87
119
231
711
96
29
37
102
112
123
113
56
145
49
110
251
148
158
42
52
40
50
121
44
79
28
43
36
406
57
51
31
53
40
187
58
58
39
37
39
30
40
81
33
58
34
32
331
70
54
285
116
51
182
30
212
84
30
114
61
84
331
56
45
190
33
37
73
50
50
142
709
361
30
58
42
78
39
28
34
149
72
95
119
169
44
141
76
32
33
85
57
49
61
30
57
161
387
98
318
170
48
37
130
100
104
38
47
158
146
45
29
32
67
121
92
70
376
58
183
48
229
36
32
243
255
60
70
79
90
138
30
68
46
46
40
75
32
115
36
94
51
86
64
60
103
87
220
45
155
698
124
252
112
33
265
38
27
156
37
43
34
83
37
61
70
118
220
139
884
91
71
103
46
36
33
43
111
34
45
202
45
28
114
45
40
192
120
263
36
46
41
52
38
48
28
120
28
73
308
37
222
98
66
91
58
50
31
116
57
129
44
44
30
52
53
262
106
41
39
29
123
34
31
95
35
103
46
34
76
154
50
195
61
880
27
33
29
31
709
713
152
101
142
88
31
46
41
45
116
61
328
52
217
34
37
143
41
39
52
36
57
49
408
56
38
359
40
198
75
36
40
49
81
701
30
146
32
44
83
143
45
40
86
89
50
100
52
1285
59
427
71
159
54
251
93
45
216
37
80
116
252
53
110
33
31
218
116
98
348
54
173
46
53
169
38
42
88
37
30
33
28
54
75
163
65
51
234
135
38
192
135
125
56
29
48
99
65
29
88
142
51
453
114
37
32
39
64
43
460
160
55
56
54
48
70
37
37
82
134
55
255
53
153
40
164
143
92
48
29
33
32
36
29
31
144
37
291
108
182
344
61
110
91
55
106
64
53
120
46
32
181
106
112
32
88
41
100
34
52
38
169
278
100
43
31
31
500
161
97
112
37
140
33
95
52
42
31
89
130
54
45
64
481
69
508
61
91
40
124
29
58
33
34
1027
33
32
85
40
41
78
37
53
41
104
28
29
33
69
99
36
60
40
184
28
157
95
193
44
380
87
31
29
70
37
76
217
33
147
44
178
75
49
50
570
28
100
37
30
134
52
218
80
85
108
392
64
101
63
55
59
75
43
41
127
161
192
81
121
30
37
50
35
29
189
28
76
28
111
135
67
31
29
31
72
31
49
60
121
92
85
148
724
47
381
31
38
54
47
131
47
35
42
35
44
31
245
129
124
79
49
112
89
153
34
77
29
84
43
36
34
223
116
45
61
48
40
38
65
44
57
37
79
68
193
32
175
55
195
38
37
105
416
50
105
408
85
37
32
39
74
37
50
215
118
100
77
50
268
45
44
48
130
31
50
45
46
100
36
76
111
210
75
54
43
63
29
75
35
60
29
30
48
54
31
28
35
29
59
174
31
30
38
142
30
43
125
127
223
38
95
245
103
45
46
168
116
70
44
90
182
130
50
299
3039
488
57
73
58
45
66
240
216
74
97
107
75
55
66
90
28
36
60
73
33
206
49
41
45
90
50
33
56
66
40
74
468
90
174
265
56
50
90
57
83
35
51
137
34
67
36
151
73
66
136
48
27
46
133
40
34
53
29
34
34
34
57
42
76
34
49
29
33
95
62
58
43
50
34
182
48
57
39
34
38
28
364
46
136
153
30
31
86
145
183
37
51
39
87
34
107
35
58
58
48
189
30
76
41
45
681
41
50
58
58
418
363
40
59
87
64
102
122
38
57
29
65
116
48
29
32
62
50
61
47
342
31
194
42
240
40
66
571
40
142
98
146
36
70
126
35
29
58
38
81
29
37
71
182
120
61
44
38
178
32
86
46
37
41
71
41
62
79
195
28
220
75
351
40
61
232
89
98
29
33
79
51
42
47
29
102
297
112
244
111
30
205
224
50
44
100
43
182
86
40
195
373
28
53
30
29
383
77
32
180
30
110
203
210
43
31
30
78
102
90
40
71
52
342
30
35
36
62
135
111
168
32
167
33
58
128
81
44
79
57
40
50
31
62
30
343
42
103
61
30
28
621
28
260
152
1076
46
32
154
347
55
48
68
33
118
43
261
28
28
136
70
341
61
98
78
408
32
66
29
94
177
340
57
29
33
30
33
30
39
372
62
482
74
32
44
95
47
57
46
278
162
321
30
121
126
39
36
32
37
229
29
41
639
40
127
36
121
40
31
39
492
87
68
411
117
33
203
38
32
58
356
620
41
95
36
65
35
198
106
81
1295
53
60
109
33
39
146
88
33
155
47
183
37
41
71
96
55
276
38
100
44
30
35
38
1048
29
78
348
35
32
102
244
44
222
28
579
28
169
49
139
82
30
35
74
304
48
91
30
31
31
32
35
44
30
41
28
286
69
200
35
891
35
109
37
207
32
32
28
115
80
128
32
121
368
84
273
87
265
1312
45
29
114
255
429
95
73
30
31
50
209
57
42
29
47
73
258
30
245
32
33
310
52
51
35
77
39
98
42
32
62
30
48
352
262
38
139
34
53
305
37
29
373
44
262
224
124
411
45
77
49
66
120
40
31
34
42
61
256
113
107
87
48
145
40
71
174
36
461
39
41
28
31
43
180
51
70
50
33
97
36
86
28
103
48
904
30
135
376
98
50
36
31
41
34
60
93
107
30
591
42
44
48
27
667
36
37
108
29
85
250
82
30
46
56
60
33
245
247
65
49
82
51
80
65
115
61
67
66
51
75
39
63
62
29
31
54
29
155
62
145
109
35
184
57
237
163
31
30
62
74
47
47
179
123
44
31
57
43
51
64
49
54
67
319
143
60
64
173
37
37
35
67
291
109
28
29
94
40
48
69
42
50
252
82
827
39
36
41
60
46
42
31
81
138
28
155
57
150
64
427
102
30
30
37
58
142
48
125
45
46
46
43
56
244
45
52
37
307
53
290
162
471
121
88
108
80
28
56
33
50
50
41
204
101
89
42
36
142
91
40
43
29
55
66
174
43
43
77
119
50
59
67
32
173
51
60
79
31
71
239
49
76
83
61
47
46
63
58
33
45
230
115
40
30
96
35
32
42
50
186
164
29
132
39
92
33
31
36
49
39
58
42
30
80
72
43
143
124
62
125
43
92
102
29
39
181
28
102
199
47
89
28
30
56
73
53
55
47
456
142
734
154
31
34
64
173
41
37
30
31
302
29
63
37
308
70
65
28
52
55
250
192
145
35
36
30
64
343
59
37
101
29
30
41
91
43
194
53
42
28
116
38
416
103
52
40
34
679
51
31
-1
289
42
455
139
95
29
36
28
89
44
50
44
67
178
37
54
31
28
84
380
104
182
55
115
74
335
139
38
29
352
34
101
57
37
187
81
32
80
32
45
147
330
44
92
370
152
54
41
36
67
114
37
54
118
133
35
118
42
37
62
31
67
350
189
58
61
43
188
35
206
53
82
104
112
127
101
39
46
94
-1
28
143
196
93
106
30
316
57
42
157
228
56
195
59
194
89
47
82
66
35
106
44
57
158
79
32
143
45
59
85
32
36
60
30
442
73
63
50
32
53
92
61
29
275
33
1032
146
86
65
50
2350
73
74
38
92
137
72
87
233
78
106
31
130
31
28
247
103
68
33
58
545
33
67
35
174
883
51
45
29
30
112
60
31
44
121
103
91
39
28
180
374
46
71
41
78
132
114
72
52
45
30
33
76
30
73
207
40
32
87
123
54
162
38
42
102
28
32
35
174
157
75
160
85
31
59
73
36
64
32
395
137
150
222
37
55
49
127
55
42
33
105
54
60
69
43
28
32
37
56
35
30
152
57
71
33
42
28
53
36
31
100
70
158
157
30
35
30
65
54
46
343
41
141
91
58
101
740
68
104
135
301
302
41
49
239
138
136
28
101
30
66
106
40
30
1188
146
34
53
35
45
67
1088
191
51
38
103
46
390
42
54
884
289
85
147
234
29
41
47
127
32
34
30
157
72
259
31
147
52
207
91
59
45
299
54
34
38
91
147
129
37
39
43
86
62
34
33
46
75
183
55
100
33
57
30
29
108
181
50
31
215
107
176
61
32
38
48
39
29
203
31
105
175
43
75
45
45
122
43
84
62
317
309
611
43
87
63
37
35
68
892
236
112
157
60
112
151
28
81
51
55
44
281
183
52
63
32
40
35
43
41
119
67
58
59
32
31
29
28
140
90
30
55
31
81
151
86
31
42
31
213
54
52
60
52
59
51
223
111
57
62
51
48
56
53
65
59
54
107
54
90
59
69
54
52
119
116
104
73
55
68
326
43
401
33
39
54
121
607
496
70
131
106
42
28
40
31
68
203
356
71
44
123
69
49
101
53
33
289
83
92
38
29
40
39
46
64
109
44
417
37
60
80
245
33
64
35
248
160
120
66
215
30
72
50
49
118
380
53
34
50
905
38
60
42
129
79
69
-1
38
39
432
30
31
37
61
34
46
339
63
90
47
442
55
52
31
118
88
76
140
44
40
132
140
78
33
138
145
28
103
50
28
163
35
95
146
31
53
42
223
34
31
55
30
30
64
37
39
40
44
84
63
348
33
133
74
60
113
322
211
32
168
101
28
82
46
216
70
149
35
62
44
30
79
63
36
40
218
35
32
65
34
68
39
31
54
49
112
33
37
48
114
36
67
33
38
244
30
378
154
135
76
65
58
33
30
38
168
58
35
28
35
65
496
115
32
314
63
34
43
28
38
119
34
62
46
37
59
30
90
29
42
45
35
52
63
133
52
100
44
39
81
61
303
34
33
74
107
45
230
134
88
32
72
102
43
32
65
152
38
110
28
560
55
35
43
719
45
74
-1
31
438
57
37
39
37
28
301
214
42
108
28
46
281
58
32
32
29
239
421
98
294
72
35
34
46
200
37
36
53
86
62
112
238
125
1007
67
89
40
47
92
29
131
28
85
53
70
45
1027
28
114
38
124
41
56
44
181
39
73
31
28
51
38
394
31
35
204
37
306
34
46
32
49
32
1046
85
74
31
34
48
72
86
133
67
78
83
59
123
63
153
130
203
28
191
81
28
1061
53
32
63
59
179
43
509
31
376
48
55
57
52
32
68
43
242
89
116
211
70
1130
36
51
67
43
62
73
-1
52
105
63
32
256
49
85
64
35
39
32
45
281
46
55
153
77
46
331
34
145
49
53
448
30
54
223
204
35
36
33
47
401
60
41
41
27
93
430
50
34
87
32
353
56
51
201
32
290
45
44
47
182
44
52
34
30
144
88
68
164
76
122
106
79
78
72
29
33
247
126
66
58
39
58
140
71
100
34
42
264
42
95
150
98
242
54
38
31
70
40
95
43
69
114
95
194
36
420
30
31
75
40
169
182
82
38
31
37
49
52
118
42
254
69
50
140
214
74
58
125
92
70
64
54
41
41
286
128
30
40
40
47
48
29
40
153
84
144
46
114
521
40
53
77
71
29
56
55
133
314
31
52
34
44
32
87
75
28
179
28
163
350
53
46
69
748
30
33
30
33
36
41
54
45
129
45
86
91
67
51
33
35
208
84
55
332
57
30
144
503
398
111
90
278
32
50
52
40
202
40
57
79
87
47
49
30
30
272
41
110
41
166
28
87
92
113
48
139
48
455
30
62
96
41
35
46
71
149
45
72
35
30
56
115
103
35
28
79
180
92
44
38
39
73
166
112
28
53
84
618
238
35
41
28
75
42
31
144
325
53
77
31
32
43
48
119
33
84
829
41
226
58
39
41
85
98
43
122
85
54
63
32
28
232
53
505
147
57
103
70
57
59
554
60
37
63
448
158
32
32
77
46
252
162
337
32
72
68
42
153
94
51
135
35
28
32
36
31
58
30
541
195
33
426
37
30
45
158
33
50
34
47
113
43
92
83
34
51
36
39
39
30
149
28
52
89
41
64
45
53
45
29
33
60
54
78
76
57
28
37
100
115
28
49
38
41
62
57
122
164
44
83
32
143
28
46
100
44
156
53
151
62
95
34
84
56
38
28
110
196
226
29
132
28
305
37
40
340
90
63
101
47
36
187
48
82
56
292
74
29
58
31
30
182
109
142
43
65
175
110
112
189
300
73
34
44
55
183
38
75
63
69
192
68
134
34
52
37
52
344
30
386
79
99
116
38
58
38
81
61
125
145
179
36
485
48
31
82
195
45
49
34
86
47
249
53
31
108
101
47
65
66
148
199
239
157
36
162
118
35
66
160
72
91
45
33
32
40
112
128
104
100
989
120
39
42
135
77
38
45
143
56
28
57
284
35
41
53
240
42
86
223
35
183
109
545
37
182
33
34
33
31
31
29
85
27
-1
38
34
45
142
52
398
53
74
117
29
80
28
38
37
38
29
162
64
55
53
68
39
73
36
32
68
386
161
95
68
48
339
86
44
148
44
30
161
43
32
45
36
42
63
301
42
48
31
72
34
31
95
43
28
36
60
194
53
85
39
79
47
46
416
49
36
30
38
38
46
110
63
40
38
136
59
35
51
28
162
32
879
156
38
64
28
262
146
32
50
100
115
47
33
40
380
87
65
43
57
31
94
206
41
73
139
30
213
69
73
69
42
248
34
106
43
55
463
280
70
345
164
657
175
31
79
44
36
36
173
31
41
101
30
67
32
1612
34
245
87
29
58
28
44
37
28
39
262
53
56
28
55
123
257
28
32
46
141
67
65
53
45
74
56
111
178
272
173
136
102
33
141
28
31
123
39
101
122
33
75
34
41
87
107
35
39
51
35
53
35
50
79
39
40
33
61
31
138
39
57
72
29
236
48
30
28
30
237
32
57
74
65
31
70
479
80
28
36
215
88
106
29
27
479
47
154
110
50
94
41
29
33
38
53
176
500
48
80
38
198
139
28
89
69
102
95
31
93
38
76
632
47
40
48
221
218
46
61
54
36
95
52
36
78
1875
255
109
43
28
74
52
93
31
29
74
72
33
341
90
29
162
79
57
51
69
29
109
52
32
37
135
37
36
64
160
151
36
35
108
47
201
30
70
95
191
34
29
64
69
177
60
30
74
300
85
40
98
103
121
113
27
33
75
102
44
77
115
54
260
40
514
32
53
50
36
111
140
69
33
58
69
47
91
30
38
140
82
49
49
117
42
55
38
30
31
51
52
36
95
62
157
231
30
30
28
215
55
123
40
50
116
205
620
35
38
29
86
46
82
101
50
32
54
112
42
121
884
53
33
98
44
1027
58
30
61
69
36
45
54
62
46
34
34
82
122
48
99
44
30
41
647
63
197
46
31
113
256
61
31
354
70
70
33
28
90
37
81
33
31
149
81
154
32
31
52
51
28
148
291
112
50
156
29
143
71
134
40
40
102
104
87
114
195
227
36
237
31
140
234
246
77
28
114
241
137
96
202
30
187
44
851
380
38
48
112
413
33
443
74
33
180
95
93
42
331
112
176
32
291
54
82
127
98
30
198
332
48
92
41
137
31
612
59
41
59
47
37
480
367
58
46
80
40
92
100
29
111
64
69
59
32
118
41
55
30
153
69
154
45
285
33
68
78
29
303
430
30
263
69
72
116
32
58
67
31
109
37
119
41
35
37
40
306
30
46
40
35
29
39
73
50
322
107
39
124
46
282
386
30
47
46
35
56
110
46
30
35
35
55
36
93
42
31
109
32
53
39
31
108
106
202
77
34
245
46
76
43
47
32
810
203
118
28
29
58
503
30
99
28
40
39
161
43
103
29
31
84
201
113
42
124
32
331
52
34
29
44
28
66
36
112
34
31
383
34
32
175
237
45
184
326
122
110
35
154
50
28
49
2059
165
28
33
53
84
241
105
59
199
64
37
39
84
104
88
59
47
48
63
118
28
131
483
223
187
83
72
121
82
38
245
194
29
97
46
44
39
260
209
187
83
46
136
83
40
36
41
145
101
54
76
139
48
37
69
55
33
34
113
43
35
43
36
82
177
50
255
27
41
62
137
108
181
28
49
50
53
233
141
157
28
89
28
92
42
52
44
65
34
273
122
671
167
114
42
74
31
217
37
71
35
46
123
207
39
57
51
60
60
30
273
30
60
114
127
381
32
42
120
226
77
34
46
41
28
34
68
66
40
98
121
189
40
50
264
108
30
132
38
30
109
65
34
136
90
29
33
325
41
119
99
28
29
84
57
29
1230
82
499
53
38
57
709
169
263
41
713
36
88
64
51
34
84
45
32
195
34
77
65
28
813
126
86
294
95
65
41
235
31
33
33
85
29
63
111
37
84
51
148
214
814
55
143
121
237
215
50
35
264
377
41
42
35
179
56
57
38
35
40
36
148
441
78
121
28
54
27
55
46
30
248
239
71
480
81
53
66
273
70
36
50
56
114
57
38
90
40
58
29
615
33
285
40
34
31
33
57
34
966
34
558
52
56
38
68
42
49
40
35
67
314
105
46
39
38
88
42
178
43
36
146
102
140
28
75
200
36
41
46
34
29
38
44
92
376
151
55
43
55
30
29
281
70
44
128
135
41
47
101
859
32
297
33
34
63
650
68
656
314
30
81
61
38
671
210
47
154
102
69
187
122
95
62
32
29
108
34
32
35
221
60
32
81
46
37
96
68
814
206
48
43
97
142
58
74
102
102
146
34
53
188
90
30
60
80
80
29
135
50
35
31
50
232
827
29
237
111
32
74
53
56
112
70
30
55
210
90
31
89
75
82
35
59
114
34
78
52
55
454
33
34
64
60
82
217
99
162
57
31
59
570
54
230
34
107
82
110
94
38
143
32
30
143
69
58
117
203
28
73
124
39
140
55
38
30
114
31
37
361
32
38
67
28
55
30
62
38
50
50
145
270
69
36
67
406
35
68
60
151
52
140
34
109
48
28
340
33
38
198
50
80
140
105
89
38
158
182
82
51
319
100
33
74
29
61
52
29
107
33
50
91
32
52
45
77
90
207
210
56
56
1008
31
45
92
40
46
67
51
225
48
47
40
78
83
177
93
171
205
41
139
597
43
43
89
64
56
159
75
36
54
170
648
91
47
43
238
120
79
58
175
119
359
152
52
328
203
33
45
86
48
158
28
34
44
237
417
50
55
64
37
40
30
29
28
104
33
87
61
31
84
127
30
30
42
123
29
44
76
50
111
141
46
3039
56
50
101
361
121
620
35
119
195
141
262
168
33
28
139
1197
60
41
306
35
256
83
31
65
32
30
87
145
30
85
111
58
49
331
140
66
59
33
29
28
31
55
38
125
65
83
32
56
55
37
56
44
64
36
84
87
32
35
66
32
35
45
34
163
61
49
92
347
62
28
52
37
36
35
66
116
89
27
77
42
101
37
46
40
49
61
373
49
71
47
107
42
164
61
42
34
281
52
203
229
31
83
37
107
51
47
44
35
107
60
28
66
41
62
52
153
45
53
79
29
235
66
58
127
36
393
37
31
42
34
117
36
230
82
33
28
610
44
115
36
859
51
105
29
73
116
38
48
33
43
41
38
33
339
67
28
99
31
375
271
45
656
57
164
33
50
30
30
39
89
32
32
66
70
160
124
39
64
76
377
115
65
51
129
51
129
253
348
55
40
35
67
242
62
34
31
182
48
177
94
60
71
43
70
162
200
35
28
60
81
127
140
195
68
97
85
62
29
28
100
117
32
229
129
80
28
50
38
43
82
880
30
84
96
91
57
28
120
41
71
30
105
38
121
104
36
320
159
89
239
460
57
405
223
50
495
338
107
42
94
33
36
81
57
36
46
82
38
57
56
31
33
192
34
342
147
44
40
45
41
49
39
49
798
58
73
38
37
52
41
161
108
30
187
361
95
29
92
49
31
28
35
44
30
77
31
223
127
39
61
31
160
60
50
228
30
101
76
38
47
31
39
27
46
49
49
75
63
94
92
252
91
143
68
49
270
113
48
33
195
42
31
192
88
54
34
41
70
79
302
36
30
32
39
141
301
45
53
32
29
143
65
145
56
177
139
45
50
67
31
98
40
199
52
256
31
39
335
272
34
51
33
659
39
53
161
28
70
123
75
127
56
77
32
45
46
31
38
29
37
71
94
194
-1
42
35
176
37
161
70
29
60
314
40
58
130
29
86
28
204
33
32
183
93
37
43
56
43
51
67
235
95
94
83
34
29
64
32
510
51
135
181
99
59
43
36
71
49
115
39
35
85
34
165
219
177
81
76
98
28
88
42
28
70
71
30
38
433
48
45
33
132
171
137
42
62
37
39
54
32
71
81
441
52
37
37
47
115
58
402
54
60
71
35
42
189
188
192
30
341
134
121
36
302
28
128
29
271
44
37
345
40
360
60
39
37
27
44
88
63
51
51
102
100
89
693
29
144
131
227
204
68
215
28
50
39
59
336
65
33
41
219
107
47
60
165
41
44
224
50
31
36
33
232
38
87
53
41
39
28
656
237
64
29
88
34
143
243
44
29
156
40
62
69
114
64
70
89
29
37
38
143
139
80
31
59
34
29
50
129
96
36
41
1037
45
276
34
62
38
47
49
76
27
32
30
256
73
57
114
143
30
41
34
28
835
212
45
255
83
71
133
32
75
156
34
252
40
95
198
42
51
30
91
87
61
37
29
31
55
183
113
53
210
83
33
43
65
54
175
70
40
69
238
226
62
44
48
223
406
162
60
34
83
50
127
74
30
39
52
40
157
166
318
125
28
159
92
34
61
28
28
47
84
100
82
259
79
125
41
33
41
40
49
889
32
337
34
144
48
1303
44
38
33
41
57
32
56
94
150
34
34
132
70
64
265
37
59
101
187
50
30
30
42
96
94
41
99
157
116
368
57
81
39
47
252
610
27
39
61
506
50
643
33
677
37
32
226
335
65
363
152
62
52
71
140
121
87
56
53
52
78
188
150
69
41
273
88
100
28
135
-1
42
318
287
29
37
59
665
53
52
251
64
38
35
196
74
31
73
64
28
162
372
75
112
34
1875
254
75
66
188
40
232
46
49
42
36
33
175
33
108
52
34
215
44
35
29
126
71
508
63
96
56
38
69
46
51
44
158
28
41
30
135
29
103
277
93
36
249
78
65
30
480
259
108
34
79
42
30
35
40
509
67
104
38
49
37
33
95
92
28
28
33
80
36
43
42
46
407
99
51
36
155
35
96
267
63
46
46
124
123
41
167
217
908
54
39
34
203
36
47
57
111
84
95
52
39
107
84
35
70
36
118
71
50
47
36
39
95
259
34
36
61
137
39
194
68
136
30
132
35
72
35
59
101
100
377
139
112
193
258
40
31
41
47
169
61
38
39
31
71
57
488
50
98
346
32
39
47
34
28
83
54
53
30
162
45
28
115
456
44
130
56
38
184
31
38
157
72
126
204
33
36
208
114
454
34
178
59
150
38
28
792
36
40
30
101
38
29
60
108
128
56
72
78
112
35
76
115
64
57
36
121
41
51
959
29
28
112
72
108
34
140
81
42
31
199
78
54
38
61
64
41
40
225
40
101
62
34
38
32
45
36
98
30
58
62
62
61
33
64
30
39
741
32
95
372
188
35
73
31
34
959
31
29
132
63
136
38
36
814
60
57
31
82
30
38
118
29
107
58
29
29
45
650
377
41
29
48
56
55
797
28
566
37
67
41
87
82
47
87
457
48
113
450
107
33
53
58
34
145
34
113
74
258
42
69
46
180
108
136
65
28
46
28
328
50
30
39
98
44
29
29
214
29
52
226
48
60
69
49
74
32
42
107
50
36
249
479
327
88
68
34
41
340
105
52
104
31
60
46
41
53
155
32
152
55
32
41
44
135
54
30
29
38
142
36
33
32
33
55
57
166
29
54
46
46
166
104
106
140
174
38
42
76
64
79
32
183
59
31
63
113
45
42
143
32
411
433
180
220
144
31
31
358
50
209
32
50
63
39
275
222
34
30
80
289
60
170
88
375
108
42
29
130
31
31
145
147
255
130
38
158
487
29
30
45
31
71
55
72
54
492
32
28
92
355
146
75
107
85
69
62
47
54
36
27
76
63
106
196
28
96
157
39
42
54
45
1582
129
30
37
82
31
48
215
53
35
293
35
61
158
57
55
60
65
38
47
49
264
75
281
786
273
276
161
108
55
238
56
72
36
219
884
131
237
58
51
330
44
134
595
29
29
72
33
30
73
45
58
80
185
146
93
68
713
53
224
56
81
87
56
55
50
57
130
32
85
132
175
32
116
45
46
38
39
73
41
212
65
37
36
69
43
56
154
46
37
30
82
61
52
80
259
39
65
74
58
54
68
72
49
234
59
134
189
60
49
41
29
131
201
39
39
35
29
31
53
142
33
69
60
187
38
33
75
29
59
87
33
37
32
37
303
43
40
45
271
50
39
81
46
538
47
148
112
216
34
36
58
46
74
180
202
53
113
82
52
95
108
189
29
307
48
102
178
57
41
60
65
99
33
34
144
38
265
171
40
349
69
32
584
51
179
88
38
229
31
161
132
359
52
213
124
31
216
100
29
234
105
57
43
58
80
53
40
35
129
45
82
123
37
40
157
68
43
35
32
50
34
29
47
58
61
36
29
44
39
55
66
43
49
56
29
143
216
40
92
147
124
1875
50
100
58
42
100
40
89
70
123
36
94
157
245
66
56
164
29
68
41
76
104
33
39
43
66
43
38
38
453
115
45
30
29
39
56
191
123
73
43
66
54
119
81
272
55
72
61
57
69
53
58
53
139
37
38
37
260
712
73
423
116
36
56
38
34
35
83
29
2056
53
51
284
273
213
1010
34
108
100
90
125
84
36
43
215
30
31
60
37
35
29
59
50
435
107
92
32
317
98
87
49
43
83
42
38
50
34
50
66
44
219
58
805
198
46
34
114
34
87
179
1295
41
35
39
45
30
77
39
95
57
80
76
101
163
57
30
72
43
51
36
38
64
31
103
41
55
33
61
77
39
71
88
111
34
102
146
1188
107
44
115
49
58
66
102
308
32
57
41
35
37
44
65
97
78
34
53
56
41
52
32
41
86
99
477
197
40
28
51
56
90
83
126
49
293
51
353
39
544
56
50
32
86
299
29
34
160
97
56
34
54
47
40
61
40
67
234
116
101
104
107
45
41
53
43
58
234
40
51
34
49
38
76
29
44
162
45
68
107
87
48
80
86
108
465
50
33
49
84
111
118
41
38
344
52
95
107
83
28
28
50
168
191
54
171
33
67
98
152
118
143
54
234
110
280
106
34
40
30
35
88
144
81
83
111
30
31
46
28
210
333
34
125
32
38
44
71
67
75
448
38
38
118
207
40
51
43
888
30
104
127
66
86
35
49
41
141
256
80
60
886
73
55
114
69
92
79
72
28
49
56
77
107
45
46
564
49
186
29
104
257
110
191
106
387
30
74
29
32
46
85
330
101
32
121
39
30
240
727
47
359
52
40
58
143
78
291
151
248
178
30
53
47
317
113
180
130
30
42
93
30
69
57
30
36
29
136
30
39
139
28
33
39
30
156
1130
40
33
43
42
46
188
52
30
84
64
83
34
156
94
81
321
34
265
27
132
30
38
303
67
43
166
35
82
36
331
45
30
156
40
31
49
245
35
31
64
121
264
35
426
165
59
66
255
230
87
44
29
98
40
30
49
50
27
33
237
55
128
62
76
84
45
42
144
67
55
64
983
28
2350
66
270
241
74
29
30
145
509
38
53
33
95
126
55
43
141
27
50
29
28
56
31
386
189
28
85
34
49
39
30
53
40
50
43
30
32
28
109
109
34
33
70
37
158
127
28
217
239
58
47
32
207
253
33
64
115
712
36
42
30
177
53
36
30
74
78
233
29
39
143
36
381
50
76
77
38
47
305
127
54
54
29
61
83
47
375
64
196
28
33
33
233
30
29
29
92
249
114
147
30
64
143
263
205
109
76
42
34
78
46
57
94
61
237
129
81
120
464
182
322
44
40
56
72
52
29
118
112
79
37
133
69
44
33
57
34
886
50
34
254
34
91
37
28
60
37
33
30
31
80
147
223
33
34
95
148
105
110
30
103
84
41
139
48
28
88
33
41
621
33
38
221
32
35
77
31
74
34
76
37
82
32
33
41
189
60
48
59
34
54
31
78
256
125
41
165
223
32
45
83
111
33
32
33
196
150
42
94
71
35
45
31
223
31
29
83
48
37
31
59
118
65
120
74
43
30
145
31
65
198
93
137
55
93
46
57
50
232
53
59
323
29
54
31
31
31
37
40
342
32
51
460
108
56
31
132
209
34
62
46
47
57
79
30
49
31
152
61
87
38
31
92
81
196
386
49
40
29
131
179
41
112
79
27
74
99
38
53
35
31
40
57
71
35
90
46
31
52
73
40
33
29
294
74
38
40
168
215
107
67
41
157
108
64
39
201
410
58
198
169
54
43
45
29
237
118
40
33
32
231
75
95
107
115
99
28
29
46
29
32
36
48
186
163
50
159
129
160
91
133
61
30
93
74
69
69
54
38
333
63
966
905
29
57
148
35
29
94
42
60
102
65
34
109
69
223
38
99
63
55
134
37
120
45
42
56
58
285
135
183
48
34
432
29
89
307
259
194
41
154
82
44
43
38
30
46
135
33
45
36
145
46
49
48
56
29
155
57
32
54
63
91
60
215
168
35
35
32
175
33
54
216
64
55
94
91
40
216
41
58
97
44
49
61
37
199
33
57
366
121
81
32
73
540
266
31
246
36
353
49
31
35
259
256
31
46
41
205
39
188
33
48
44
55
32
203
253
49
29
92
61
84
135
136
55
39
118
124
194
38
144
27
31
38
126
56
210
100
30
29
238
120
46
90
34
140
28
30
31
85
63
52
90
63
180
43
37
35
120
434
47
54
37
620
74
28
300
64
33
44
166
76
65
183
228
70
162
292
75
162
29
96
106
32
208
2564
66
42
222
229
43
36
172
32
31
51
331
143
161
40
171
44
40
31
31
259
43
75
35
74
38
158
423
37
38
104
454
34
163
147
31
51
157
29
28
29
87
48
29
111
154
55
103
50
39
161
45
55
39
47
75
174
70
-1
56
71
30
34
75
113
79
31
47
64
91
31
479
42
77
38
111
33
115
203
73
63
315
133
35
55
64
39
54
125
361
38
67
28
41
102
31
1007
31
42
70
52
188
36
242
67
37
29
152
50
33
33
107
65
40
50
49
56
37
335
33
48
77
352
33
118
45
59
66
179
114
81
140
34
188
45
60
45
259
499
57
30
42
62
85
64
54
85
68
133
36
80
85
47
43
200
91
176
69
35
71
38
36
195
222
34
32
31
44
100
30
56
115
89
196
81
112
45
68
34
118
75
30
87
37
259
120
51
71
197
91
55
66
58
37
221
28
65
79
39
206
31
35
94
100
294
416
43
30
39
159
65
65
39
42
349
29
72
48
257
29
28
32
154
35
35
191
120
60
225
87
38
37
89
103
60
78
28
43
66
33
155
32
52
128
29
33
187
216
63
35
44
383
96
92
34
333
43
51
47
58
58
41
35
47
42
28
43
405
32
82
31
45
114
148
84
59
36
102
30
42
43
168
125
92
28
58
40
48
28
159
42
355
41
135
37
68
36
57
78
127
52
253
100
72
35
27
28
81
47
236
50
73
58
42
63
46
28
33
28
73
38
31
178
35
138
1027
162
46
137
260
54
39
236
37
30
34
274
51
86
125
155
49
62
31
49
66
86
28
58
61
258
166
100
51
80
40
52
97
57
29
112
48
185
30
43
87
47
190
55
114
42
57
39
90
80
28
141
194
47
83
79
69
120
148
56
162
107
257
67
39
154
42
44
29
33
28
33
30
41
55
92
76
109
42
28
47
77
31
32
91
410
31
51
60
103
41
31
150
82
37
131
29
42
58
113
564
96
32
28
619
35
100
35
144
41
30
60
159
29
1425
492
39
94
-1
80
30
47
59
40
87
115
66
115
71
40
31
98
29
44
76
104
115
30
203
123
106
70
1088
43
317
301
39
117
92
34
72
33
56
50
45
132
112
379
35
222
66
47
40
76
59
45
28
71
30
30
28
175
103
231
38
63
39
111
77
36
28
41
80
66
98
35
30
34
29
48
28
118
146
92
231
60
39
97
50
44
56
52
77
63
143
40
35
58
103
82
1377
163
82
45
29
47
40
45
36
48
173
156
182
60
66
53
210
112
72
37
46
34
28
160
81
92
331
44
62
55
184
70
38
41
40
492
52
43
30
67
80
98
44
85
56
53
163
50
62
36
34
63
59
47
43
45
34
45
29
120
30
62
142
66
33
93
154
60
49
30
205
217
39
199
75
54
245
142
139
191
32
54
31
120
96
94
89
40
30
51
319
102
35
81
140
108
53
32
190
44
90
135
46
31
249
101
36
46
57
111
223
327
100
380
33
65
34
100
44
273
49
90
381
29
403
103
61
43
112
27
151
32
84
135
43
56
66
152
78
43
29
241
68
36
51
31
52
91
534
291
83
55
59
64
98
83
830
82
48
80
53
61
98
62
68
327
67
63
112
33
53
60
62
35
527
39
137
160
64
109
136
32
82
118
36
33
265
106
142
40
359
82
147
161
168
48
89
361
63
79
105
46
257
62
93
152
53
29
39
814
335
34
65
96
73
107
113
35
79
292
137
571
51
37
111
690
41
41
28
45
83
42
79
78
36
135
162
31
32
63
139
29
30
214
44
59
43
54
235
42
31
31
43
93
190
101
45
224
112
42
141
37
31
33
30
61
67
107
69
96
49
60
36
42
70
83
57
42
77
62
28
83
60
299
40
67
45
57
37
36
28
107
37
378
70
78
34
32
88
202
179
693
74
261
46
171
56
257
57
108
36
116
35
72
182
123
165
90
31
57
29
47
75
441
59
102
54
34
35
93
43
51
54
360
116
36
265
47
28
96
80
54
261
52
188
29
52
86
82
84
265
38
48
109
28
45
81
216
76
46
32
164
203
71
377
43
224
61
200
147
59
31
114
33
29
28
1230
29
186
194
48
35
191
31
367
154
112
28
65
120
-1
37
814
56
67
144
103
53
55
55
104
263
324
39
45
83
52
89
650
48
181
40
82
98
30
43
111
157
108
-1
30
179
33
33
269
37
47
34
203
57
148
32
38
48
38
456
163
29
49
57
215
37
147
49
112
35
1130
59
53
217
41
58
1606
29
31
100
406
49
149
46
82
166
29
100
65
78
85
36
29
408
47
82
77
258
53
174
52
85
35
47
65
43
34
33
31
106
39
31
321
150
49
118
29
52
54
39
53
139
36
78
29
122
34
76
255
43
177
754
43
77
36
46
28
34
28
120
30
64
81
90
30
134
84
67
60
82
35
137
53
179
55
32
93
92
330
78
135
29
35
30
31
390
68
63
39
58
133
55
40
29
86
379
30
29
31
88
28
256
1411
40
203
177
47
34
42
30
66
41
156
84
119
78
31
28
70
61
73
163
45
40
59
231
60
97
33
37
115
181
83
185
47
564
65
84
56
831
36
146
353
310
87
40
37
54
37
32
33
49
29
139
110
44
87
141
81
116
60
298
223
119
76
77
29
81
168
114
50
85
32
45
27
340
87
34
29
33
216
31
40
101
43
39
76
28
150
47
254
30
589
41
375
76
35
35
31
122
103
72
265
134
35
227
209
136
42
28
39
301
40
43
85
80
353
33
51
137
31
35
40
63
34
408
292
112
44
32
29
31
33
32
109
181
55
35
48
31
79
57
299
815
37
33
31
34
31
157
32
36
89
34
56
45
151
31
168
69
65
241
39
71
138
30
77
350
111
38
32
45
38
114
43
162
45
32
62
462
30
48
650
34
32
41
60
44
35
45
39
93
67
118
43
89
84
164
110
41
37
30
28
164
31
35
37
78
125
30
76
47
202
41
41
53
113
445
500
30
58
67
80
28
45
83
44
193
45
139
161
77
54
29
37
62
37
49
61
57
92
52
39
152
102
147
102
32
85
166
32
1161
34
82
68
71
84
170
93
265
50
34
309
81
33
278
45
90
170
28
30
29
81
87
68
102
36
41
35
98
55
64
121
29
100
55
80
85
28
80
83
42
128
420
164
36
34
81
31
33
140
389
41
37
42
31
720
54
89
102
36
38
305
44
49
31
44
29
94
268
316
57
162
30
73
58
75
38
35
154
166
52
146
149
132
179
29
31
37
31
39
41
28
42
33
28
29
273
30
369
44
84
152
154
99
35
42
51
35
42
29
32
-1
458
36
104
45
405
100
37
260
124
54
171
48
392
83
82
36
41
55
49
169
69
53
246
52
32
54
194
30
43
30
180
49
171
34
44
33
44
52
94
41
79
60
90
171
33
48
83
28
100
224
29
50
121
35
54
27
79
135
30
81
45
28
34
205
125
110
34
274
35
102
32
32
109
66
169
500
29
81
199
43
35
43
28
50
126
136
41
37
125
85
40
60
47
84
294
43
40
45
30
37
59
39
124
53
53
28
92
859
446
64
42
34
321
59
41
35
32
129
142
30
158
71
41
41
34
151
33
116
29
46
46
134
37
53
74
168
47
51
331
684
53
28
163
42
30
39
31
143
164
47
220
71
34
29
64
64
79
36
337
50
38
37
55
283
81
149
106
76
51
34
34
82
50
40
34
305
40
71
78
193
95
180
41
31
34
169
179
34
143
70
460
58
216
64
128
41
42
164
28
115
90
46
88
44
95
88
34
37
68
38
35
29
37
42
203
84
35
28
44
35
107
54
55
74
55
234
40
388
109
64
138
32
59
54
28
49
57
244
30
107
32
359
222
88
106
30
42
100
52
44
31
43
35
40
39
41
42
85
78
74
118
64
38
39
29
151
37
273
32
32
28
36
56
101
81
43
114
51
39
43
31
35
34
76
33
230
359
61
657
197
41
74
182
29
492
35
143
42
55
79
51
153
250
52
83
46
311
37
62
61
128
31
101
116
40
195
55
60
88
57
31
84
38
31
41
31
234
214
38
102
80
265
32
93
34
50
200
29
47
65
104
157
141
121
42
56
68
27
48
330
66
70
32
101
67
65
62
83
32
291
29
632
61
40
192
56
76
56
46
86
29
65
138
30
420
220
64
118
151
71
34
337
34
465
203
666
73
143
50
85
30
207
33
28
56
92
30
143
78
37
38
154
95
69
54
57
891
57
59
164
105
39
110
39
122
98
32
115
28
41
43
53
198
40
335
29
43
89
216
153
29
41
46
57
48
98
41
42
54
35
33
67
55
85
45
89
93
49
28
47
39
40
150
161
31
72
45
107
63
44
57
65
78
32
80
42
152
29
60
2350
86
36
835
64
109
37
378
48
86
53
31
132
42
39
47
31
33
69
29
72
40
34
224
502
112
31
32
120
32
104
70
36
32
250
153
118
93
57
131
30
103
33
29
63
96
300
31
33
28
888
55
56
386
106
377
350
249
44
53
40
181
203
36
33
315
230
199
233
240
42
49
196
99
31
58
66
712
127
57
32
32
60
56
101
84
47
48
102
39
29
29
40
27
72
28
85
192
82
79
35
142
264
28
93
92
49
30
43
28
50
149
95
187
67
62
34
535
43
341
146
44
48
28
75
38
124
67
270
99
60
50
30
53
97
35
39
40
48
91
58
326
80
61
128
28
56
54
30
95
51
33
153
32
114
42
45
28
36
209
120
40
28
47
72
140
44
82
29
58
933
93
232
53
40
67
98
144
40
188
69
225
56
43
227
82
65
30
162
32
32
38
33
82
350
168
43
111
97
97
28
108
43
340
182
66
64
198
87
252
149
117
168
29
211
72
484
45
180
243
29
133
322
89
97
65
33
48
36
91
432
126
28
34
28
160
598
77
108
77
198
71
53
59
399
88
151
50
33
461
109
60
153
35
100
29
153
163
546
34
376
35
40
33
145
56
28
45
38
44
49
136
111
111
41
46
71
98
-1
108
546
84
92
80
205
41
132
37
40
67
144
113
38
157
31
81
40
39
112
58
49
186
35
101
35
37
48
28
255
30
151
108
68
47
154
143
38
36
43
394
38
125
32
63
67
294
69
125
39
35
31
207
41
29
373
153
53
60
63
107
59
77
46
109
69
144
38
62
45
39
33
95
140
53
465
55
39
264
52
30
116
30
77
1285
379
200
56
105
28
67
30
77
400
509
44
67
34
423
247
607
28
121
266
49
29
44
34
116
28
257
31
82
51
42
32
282
133
96
34
57
47
38
80
64
47
36
133
30
64
181
51
28
31
46
53
123
64
66
41
45
50
45
109
55
33
77
115
46
44
88
51
259
56
55
71
74
60
29
91
112
78
41
220
31
86
146
72
193
45
160
32
48
44
365
104
62
52
41
32
28
106
54
500
89
57
33
79
71
48
41
207
35
42
138
591
273
86
50
34
61
28
48
152
34
62
68
34
482
32
73
54
37
32
64
54
156
37
36
36
42
82
55
621
37
35
30
120
46
58
55
102
230
264
171
147
147
426
119
44
83
336
27
61
32
52
49
41
675
166
177
49
64
69
285
124
77
91
28
79
66
-1
45
36
40
121
84
102
137
151
42
70
361
56
29
83
52
41
37
82
106
71
42
126
42
90
185
36
336
581
30
32
39
100
41
43
39
266
164
29
207
30
71
55
42
41
66
55
232
88
94
38
30
101
52
44
102
62
32
30
135
112
150
45
30
40
157
28
28
123
344
35
814
172
224
150
29
29
28
35
77
95
30
74
75
84
47
28
110
37
30
104
48
68
40
118
50
210
52
152
32
41
42
31
29
39
32
52
48
117
52
50
37
62
65
29
28
37
50
410
56
29
37
56
138
83
104
30
386
28
216
383
47
264
121
29
60
83
154
97
71
50
44
300
295
29
79
345
41
99
38
116
35
33
510
53
71
40
82
58
60
99
145
122
31
514
144
97
406
32
301
69
38
35
315
89
56
381
55
30
140
41
32
53
55
84
234
57
37
30
63
57
221
186
33
45
54
41
35
78
43
89
61
39
194
74
30
106
49
73
161
94
154
41
46
57
183
50
159
57
47
128
39
442
63
39
31
30
42
43
48
120
40
52
64
164
32
29
45
88
347
167
96
29
55
290
40
38
138
51
275
147
91
37
32
36
34
93
42
37
54
43
332
47
29
42
49
31
44
49
113
204
39
29
38
929
42
53
29
353
28
667
115
41
200
127
374
32
74
122
47
34
29
49
291
34
49
145
28
32
43
61
33
86
83
34
308
47
45
56
48
361
50
81
29
41
38
160
50
36
43
66
45
29
82
324
48
39
39
114
345
87
278
33
34
36
325
31
54
283
50
237
42
42
30
35
38
52
59
95
369
31
44
108
53
77
44
48
36
393
54
513
145
86
60
90
212
51
128
58
47
47
152
43
60
53
116
35
41
91
33
515
30
28
134
33
35
38
35
90
135
48
136
458
564
79
28
58
172
68
40
41
99
44
73
302
404
207
246
30
34
33
72
32
46
28
32
46
39
68
33
46
37
155
162
30
108
126
36
300
28
201
521
186
64
38
77
34
143
37
203
685
273
49
46
137
56
92
65
98
91
43
34
63
58
443
65
1377
162
45
34
50
31
29
55
51
82
36
28
70
34
187
38
28
101
35
69
115
46
30
87
73
320
64
232
137
28
57
38
87
156
161
109
52
95
44
132
115
54
112
41
108
70
325
69
37
144
33
78
85
959
28
46
42
30
121
64
28
28
89
163
45
130
2491
34
39
42
55
72
36
31
65
59
44
102
69
30
63
290
260
29
120
42
92
40
41
564
71
40
209
135
166
61
83
95
36
165
32
64
32
56
48
46
53
94
57
-1
62
40
38
31
89
210
42
50
40
83
145
32
28
122
107
28
111
73
39
92
96
95
67
36
81
80
35
51
169
37
665
105
161
27
310
408
46
30
271
84
29
32
30
117
76
36
36
146
181
194
82
101
37
157
132
174
29
93
312
89
49
65
80
46
100
110
145
33
36
33
199
48
41
98
31
234
30
1285
789
126
82
38
29
41
51
75
430
66
43
40
179
128
36
51
224
44
43
171
61
166
52
44
32
380
120
37
33
63
66
28
57
45
109
141
108
87
359
87
63
28
195
116
32
90
34
95
35
395
32
86
34
92
142
48
72
122
37
356
103
66
62
73
31
223
29
29
70
32
102
32
44
43
94
182
129
73
35
81
47
105
45
104
46
89
341
31
33
38
29
47
51
101
51
58
210
30
34
48
183
34
30
52
50
62
41
245
133
111
66
36
73
40
41
162
52
60
117
101
56
94
54
104
135
197
127
135
29
44
50
38
28
31
37
42
30
87
886
35
107
33
28
383
84
29
266
64
178
46
130
218
102
39
133
73
71
32
86
32
44
28
31
246
100
134
656
29
348
387
35
52
271
32
156
31
55
53
232
74
53
56
29
114
79
94
78
58
67
37
31
121
199
29
35
37
80
100
133
51
782
36
54
115
146
160
61
91
142
883
276
55
32
39
33
57
38
205
44
37
224
62
62
33
58
198
376
29
106
30
989
33
54
53
32
258
140
42
129
266
168
32
63
57
76
28
62
93
35
233
662
255
29
44
65
100
153
93
48
49
88
53
74
44
39
95
50
170
85
84
31
126
187
40
33
34
41
203
44
519
50
50
128
56
257
198
127
128
119
49
34
168
87
55
49
261
43
37
29
121
39
44
66
597
70
310
81
386
78
32
264
31
67
252
58
79
61
40
28
44
44
352
33
51
30
90
44
144
34
29
108
34
35
102
153
713
31
741
163
38
46
37
155
37
331
84
47
151
169
135
92
35
58
116
47
90
40
97
37
53
29
39
117
62
131
159
31
58
29
30
79
192
67
62
71
39
285
28
81
67
59
95
29
60
193
492
94
45
36
30
30
38
35
65
43
105
290
81
38
48
238
74
451
55
56
37
30
54
45
32
32
67
195
31
167
71
116
56
40
102
94
90
42
40
339
61
28
34
114
129
200
34
56
78
50
160
160
121
235
52
31
32
42
52
115
37
68
56
45
180
32
55
87
805
50
70
143
59
33
58
238
90
42
805
75
102
28
81
55
62
39
93
52
50
71
51
40
218
79
49
84
47
46
29
49
50
238
179
130
49
102
28
43
426
34
37
95
112
44
31
47
31
207
48
36
29
137
57
138
136
62
146
38
32
95
32
171
28
38
36
583
203
30
30
82
68
92
29
270
62
80
177
102
36
266
31
41
170
31
71
71
39
101
28
42
182
30
49
43
49
125
37
811
44
60
100
75
114
38
118
348
39
91
88
67
30
156
51
28
50
61
46
83
39
51
55
63
50
237
36
247
52
42
39
111
223
73
87
37
154
70
91
91
31
30
79
119
234
54
103
56
50
32
227
331
42
29
52
300
58
34
50
283
137
111
51
29
47
50
38
52
63
488
202
74
51
154
129
146
75
64
78
78
54
101
81
40
77
76
37
315
43
32
58
172
41
42
44
99
42
143
100
192
72
139
65
116
33
138
285
85
127
51
49
166
43
57
70
35
48
30
35
60
32
206
28
40
266
42
70
468
56
203
31
37
39
34
31
30
43
153
270
72
40
106
81
116
29
31
147
709
144
38
87
370
297
33
68
37
135
38
65
84
58
64
47
69
51
50
85
32
198
134
101
51
313
95
42
62
65
65
50
100
465
73
63
154
225
157
33
60
41
674
31
128
30
36
78
38
51
43
61
64
59
82
307
50
102
67
205
98
29
118
31
28
70
29
71
104
84
253
42
31
159
32
105
33
50
34
49
41
29
45
28
33
40
121
78
63
186
33
37
43
30
1030
31
70
187
327
54
30
155
270
50
90
29
48
122
305
59
28
34
43
43
69
37
98
40
34
442
81
109
131
31
90
109
29
34
92
40
92
87
50
40
67
92
47
61
57
30
40
46
143
55
58
195
203
87
58
28
67
35
434
31
66
47
32
37
35
87
50
154
31
37
58
35
33
30
179
67
94
41
32
86
114
73
30
64
35
52
30
30
38
204
46
70
34
199
35
49
68
191
30
29
55
29
42
33
38
55
68
246
65
39
92
97
150
42
60
157
160
763
103
77
34
43
49
162
115
99
34
36
35
64
43
128
223
55
153
38
110
37
811
39
47
133
38
40
35
65
27
41
44
200
102
126
45
42
41
38
91
431
58
133
48
158
41
106
36
54
58
115
105
48
46
193
136
62
51
53
52
237
38
56
35
38
41
44
37
29
221
108
30
28
162
41
114
53
88
107
125
287
134
46
61
55
143
104
76
158
28
32
30
70
38
230
181
310
74
234
38
103
35
93
40
37
35
53
119
49
57
60
109
79
157
29
72
44
30
49
126
62
62
37
35
92
45
71
44
30
42
49
40
246
289
88
42
82
121
71
458
52
314
29
168
47
32
28
36
150
44
50
29
30
32
33
30
36
39
157
61
65
31
29
31
41
41
31
156
52
49
31
45
193
29
144
182
112
713
76
123
135
379
62
129
143
195
116
31
61
41
423
37
57
35
37
346
87
38
73
112
84
29
69
52
37
96
33
37
133
54
116
31
87
55
131
37
140
38
28
57
186
285
40
46
43
41
212
87
40
468
113
35
174
117
202
93
28
32
283
34
78
76
49
38
34
30
63
58
68
36
110
788
31
80
1425
238
29
84
59
41
33
72
59
113
352
53
43
46
254
39
36
262
43
30
243
82
217
112
59
160
150
56
140
140
277
29
382
35
31
55
192
44
62
50
57
72
119
41
32
72
39
142
144
29
105
84
1312
68
554
47
28
35
180
41
58
32
31
94
90
38
44
43
41
32
70
107
138
148
33
58
58
223
191
30
31
202
937
296
33
50
42
47
59
29
32
350
30
43
30
29
193
34
32
125
57
67
82
128
33
59
160
118
157
178
29
47
30
88
31
300
56
240
184
89
94
121
46
57
33
31
168
155
264
583
97
32
28
46
82
248
92
42
33
29
153
146
45
28
89
29
81
93
37
36
94
67
31
56
300
30
46
44
82
28
77
40
78
151
65
28
45
53
130
264
36
40
1200
82
32
115
41
292
37
61
28
55
46
37
62
54
48
49
39
108
39
96
200
30
48
53
165
39
33
151
37
67
141
30
597
42
33
31
29
66
408
222
31
62
360
59
218
28
78
102
38
41
97
43
58
37
39
49
52
34
29
43
391
218
34
45
40
35
39
41
60
70
84
37
68
29
84
44
145
49
48
32
67
36
64
49
56
56
42
28
59
136
53
29
33
107
350
98
45
95
84
148
65
61
57
30
63
83
40
56
61
38
32
168
60
172
114
153
57
39
57
327
37
56
36
277
31
41
64
185
103
74
35
72
39
321
59
60
151
78
32
152
114
74
107
45
291
102
178
256
106
33
45
37
44
146
52
64
46
45
31
58
32
62
43
51
297
121
85
35
209
148
80
236
57
139
191
160
40
216
103
141
121
32
71
48
1046
49
50
526
67
39
102
60
28
30
56
507
40
33
78
115
65
36
488
74
206
77
33
36
63
271
401
31
35
38
29
50
150
53
63
87
44
146
256
68
28
33
309
206
79
205
59
86
28
47
30
116
33
63
216
35
101
42
34
67
28
36
52
37
49
84
146
33
71
142
60
112
99
35
52
211
265
152
197
37
49
57
28
62
54
68
71
97
67
116
30
32
27
46
55
147
32
47
41
390
31
38
221
51
130
42
267
43
29
72
73
48
34
29
113
456
40
212
154
73
219
59
141
31
28
80
43
304
118
78
37
71
69
49
37
32
90
123
39
56
40
29
50
48
29
96
31
82
116
31
55
57
42
63
140
30
104
31
42
47
119
34
40
75
32
38
50
200
34
33
30
44
28
31
49
242
28
154
123
40
29
88
35
40
37
28
106
115
50
693
209
47
42
323
126
29
42
104
435
28
60
93
432
48
39
237
44
285
34
81
381
203
65
71
28
76
58
28
356
82
28
45
30
38
416
107
43
144
59
60
42
214
457
92
91
182
35
31
87
67
165
90
66
54
32
71
317
161
30
149
30
292
79
74
47
30
51
35
28
32
60
137
116
28
208
42
109
28
29
306
252
36
51
213
88
30
113
31
31
49
98
76
55
83
78
453
34
72
78
98
495
46
44
82
78
38
90
94
49
38
102
45
222
96
-1
51
127
129
58
48
36
35
312
214
28
75
41
45
76
109
46
32
251
66
67
119
46
33
29
411
47
152
60
33
29
141
56
51
30
43
184
32
36
44
134
34
47
40
96
52
92
96
124
56
159
44
45
66
33
40
57
126
60
299
203
113
140
157
37
52
41
148
28
255
34
220
31
81
38
28
47
31
46
29
348
294
39
35
100
101
46
30
208
31
57
125
262
33
96
44
29
31
161
65
76
30
40
33
33
53
97
37
38
207
48
42
27
87
137
59
46
71
164
30
66
41
320
66
199
51
132
60
34
56
350
314
1033
32
35
160
30
109
31
162
261
81
720
68
87
37
153
65
41
182
-1
110
157
34
32
60
37
46
41
150
160
60
179
126
165
36
72
56
53
53
77
47
145
45
192
360
140
109
229
34
89
360
111
49
114
40
29
30
200
95
455
111
49
66
46
44
35
92
72
99
250
122
40
41
67
240
42
57
37
33
145
30
120
103
59
39
73
53
61
30
30
48
36
30
222
186
40
55
33
53
68
105
32
30
28
43
36
37
71
160
232
99
89
118
57
66
50
30
45
36
33
142
127
32
37
34
43
35
31
118
65
60
67
36
79
37
34
570
231
33
44
35
42
45
160
101
34
30
258
100
28
331
44
70
145
85
46
31
85
32
55
59
45
45
33
35
70
58
98
43
157
686
144
60
41
170
195
207
87
105
88
83
44
232
52
27
345
60
32
38
36
67
29
460
342
100
68
33
284
45
35
65
102
33
139
43
78
94
44
68
48
392
179
100
38
33
200
138
534
135
32
59
61
142
34
46
77
52
58
42
33
30
43
31
64
34
33
223
31
218
60
30
37
30
44
49
79
57
132
30
28
301
36
99
78
28
46
35
130
157
318
116
43
39
324
81
131
46
420
52
49
34
81
401
64
54
29
41
102
409
30
33
43
86
36
84
36
340
42
79
104
102
32
32
41
41
38
57
105
190
81
47
30
73
41
709
161
62
55
46
411
88
126
33
45
234
236
61
41
249
35
83
42
58
86
52
47
328
401
224
62
33
117
92
29
71
131
89
64
75
37
39
55
116
117
291
30
52
39
109
55
60
90
128
64
120
54
84
66
63
64
44
42
47
244
28
29
32
56
85
66
57
81
28
44
45
125
36
35
143
37
29
58
643
292
40
57
95
61
33
45
76
149
50
332
68
694
102
64
81
117
147
35
29
201
28
354
48
306
182
78
172
93
100
72
109
43
348
44
63
56
50
70
43
34
33
35
102
42
448
30
52
28
63
56
109
57
149
74
38
62
31
37
35
29
146
1582
84
81
58
29
30
57
59
29
30
251
56
88
50
58
39
252
261
39
95
294
157
30
73
94
32
258
30
43
191
180
32
75
34
389
49
212
198
71
1321
57
40
39
37
30
28
361
61
32
37
33
50
59
301
29
442
53
210
37
83
28
124
175
45
154
496
45
31
28
52
31
300
39
287
28
105
92
303
33
54
60
40
103
129
81
27
78
36
72
273
32
55
37
93
109
90
46
71
33
37
55
28
162
60
166
579
33
30
187
42
31
70
142
70
138
68
58
37
789
52
47
42
128
740
328
116
92
31
59
59
28
129
43
375
33
40
131
140
53
367
50
46
55
293
61
189
164
75
131
76
96
35
50
426
128
134
40
196
31
76
87
34
73
54
45
58
895
40
30
41
30
38
116
1033
29
67
169
584
104
196
37
38
36
40
712
37
31
61
50
52
79
165
87
29
94
40
34
480
70
60
290
146
266
33
68
215
677
78
106
67
56
70
48
108
38
86
30
719
110
33
28
245
67
43
77
32
87
61
100
36
67
78
38
67
116
34
53
73
35
30
40
48
37
68
46
162
68
212
82
35
149
71
38
38
86
36
119
77
31
80
111
42
45
359
886
80
39
285
45
31
81
47
92
66
121
31
36
39
54
34
43
52
304
29
169
62
75
143
343
113
27
56
303
61
369
65
52
32
352
28
65
48
47
65
33
34
37
65
28
53
75
107
40
37
79
91
31
46
31
70
30
108
93
119
34
34
33
30
29
52
31
67
70
43
152
73
46
139
40
61
100
292
62
30
31
39
43
51
40
67
85
42
278
50
901
57
46
60
56
40
35
64
46
53
49
84
40
278
68
83
117
28
128
143
123
39
59
85
32
37
53
101
32
56
141
29
65
47
50
54
30
230
43
30
79
39
73
615
36
60
55
109
406
85
76
38
173
42
73
114
38
36
50
40
29
240
113
41
214
127
34
28
168
53
102
74
36
165
34
719
146
119
154
57
119
130
68
38
33
38
63
46
77
92
35
36
100
63
29
46
93
242
59
58
151
86
259
190
84
174
31
281
96
40
68
47
84
37
401
31
52
73
37
52
33
64
34
108
67
110
135
189
29
57
106
47
39
31
38
61
166
87
29
43
41
107
116
161
81
58
70
50
33
46
389
39
45
122
51
31
35
60
110
50
40
85
369
33
42
69
27
292
37
45
39
144
212
65
93
172
639
43
277
122
186
114
79
35
203
135
58
167
100
49
35
38
60
52
37
37
42
30
44
28
52
112
353
127
71
31
109
78
284
423
50
66
52
388
395
113
86
115
312
29
203
113
30
64
55
30
38
621
39
317
50
65
48
49
97
152
37
54
46
78
79
40
500
108
34
328
37
28
342
62
46
31
32
47
130
29
29
66
55
33
33
49
33
47
32
508
83
60
214
179
110
97
59
319
43
30
36
34
86
42
37
50
386
149
29
132
265
63
177
65
219
56
29
33
66
67
48
56
56
103
83
115
442
32
39
27
29
47
120
61
99
34
176
51
74
423
49
49
78
76
40
112
69
413
35
214
317
28
44
185
76
107
119
37
34
49
34
29
42
120
30
116
53
96
31
1582
135
76
90
1582
27
38
454
29
256
60
29
54
84
28
769
98
177
60
35
107
64
150
44
128
30
53
34
56
322
45
111
30
39
76
40
132
37
180
31
42
197
43
32
36
37
29
273
54
116
62
74
37
33
133
33
30
1227
434
34
360
54
79
38
73
34
53
130
49
59
39
105
198
183
76
30
75
68
29
60
242
59
63
38
36
47
33
87
67
64
35
125
54
57
34
117
30
38
98
295
39
40
944
157
156
61
154
131
78
221
51
168
419
57
101
64
57
57
101
52
418
33
58
34
31
40
77
456
31
107
124
30
32
140
67
42
36
87
159
91
73
300
47
64
273
115
35
709
135
47
34
51
55
45
734
545
301
48
29
29
85
182
33
34
34
119
34
451
28
64
191
27
181
28
82
451
33
31
344
37
645
29
28
28
109
50
56
32
88
104
33
305
32
62
120
100
30
57
163
80
173
49
38
51
55
144
706
139
30
406
442
69
28
113
28
49
295
48
111
29
332
43
28
249
57
32
31
814
39
71
66
62
190
47
70
30
368
127
859
29
53
44
52
134
37
29
64
97
129
35
135
38
133
59
107
29
48
57
110
54
33
241
72
35
117
515
29
112
299
28
43
81
41
386
52
66
35
41
80
43
30
40
212
36
32
41
55
160
41
127
48
41
125
49
77
35
507
50
57
27
100
63
88
47
105
40
88
106
40
48
162
135
66
182
52
122
40
206
30
34
123
72
104
770
420
206
37
42
76
290
122
72
63
40
70
68
249
72
56
249
75
30
258
281
72
300
111
155
231
30
232
96
64
289
34
60
49
73
29
30
109
324
34
33
72
41
290
38
210
31
172
240
367
28
30
265
34
211
28
215
81
117
50
57
47
40
297
100
81
273
45
165
59
120
32
29
54
162
32
30
28
155
80
56
410
113
29
51
29
32
63
66
455
33
31
133
104
149
34
50
52
98
57
115
81
135
37
68
44
38
37
60
41
1303
540
30
44
207
798
242
319
245
1151
94
394
360
48
-1
29
35
78
91
42
312
56
34
61
63
42
29
56
121
116
57
34
62
33
35
49
38
162
34
161
889
70
31
73
153
32
49
47
220
158
29
49
383
165
61
117
126
36
57
123
434
83
172
45
96
40
31
104
37
91
38
144
30
194
54
33
55
55
54
91
99
52
70
53
47
39
66
114
348
106
376
32
34
109
40
134
2564
90
693
209
70
80
47
422
108
48
79
156
111
52
46
32
36
40
163
81
58
50
32
40
33
114
88
61
34
37
67
49
57
29
31
53
45
92
32
40
35
293
38
58
240
72
32
415
28
74
353
45
42
126
64
48
88
81
314
252
78
30
64
28
62
31
33
131
41
36
148
155
331
107
355
48
49
41
35
29
73
28
37
118
31
126
103
36
304
42
81
43
126
147
31
48
116
123
446
64
57
71
66
30
55
37
93
31
40
61
33
37
37
33
123
39
34
45
37
125
50
45
30
58
657
30
44
57
65
100
97
36
30
1312
58
50
270
52
36
61
291
97
49
46
47
30
33
60
67
36
39
60
102
48
35
264
59
41
69
30
32
40
142
32
34
41
35
53
41
368
261
51
306
50
80
29
36
29
30
43
145
30
72
51
34
50
37
98
42
31
109
33
111
107
163
298
65
36
35
41
87
52
160
666
62
30
163
183
44
63
195
35
77
155
92
90
35
216
125
33
161
292
92
34
135
185
37
97
68
46
85
28
233
131
36
91
77
31
30
93
33
500
290
256
110
29
30
95
84
29
32
31
77
34
35
64
96
37
681
67
66
28
131
220
151
27
35
46
134
110
44
108
83
43
45
48
264
59
32
95
39
84
38
34
31
34
32
50
109
39
36
151
58
34
107
36
42
43
30
73
442
28
47
144
28
30
70
51
120
65
160
131
247
290
32
35
50
75
107
36
38
50
42
90
31
73
32
34
62
30
142
78
77
1321
142
136
48
51
35
291
287
142
45
247
108
33
230
131
128
40
39
47
31
38
92
124
127
114
276
65
53
32
46
111
93
247
126
48
44
239
39
93
28
48
48
32
42
39
100
163
106
74
84
306
112
43
157
63
35
185
46
38
44
32
430
112
94
77
82
35
125
42
40
50
77
55
57
32
60
462
33
142
47
36
43
42
32
51
79
196
312
38
45
48
62
31
33
570
211
101
139
38
44
99
261
74
40
59
342
43
139
66
41
370
132
104
71
819
500
124
36
29
28
98
46
35
453
32
256
83
33
59
343
134
35
44
67
37
31
211
136
34
40
227
108
44
30
135
286
37
440
187
59
55
78
390
150
32
30
49
54
193
86
83
30
34
798
262
35
50
358
66
208
37
41
162
55
45
55
38
37
30
41
54
54
32
38
41
195
52
242
51
430
56
127
69
34
74
95
63
31
32
125
36
34
90
84
29
34
33
593
52
45
120
31
151
37
29
29
50
389
309
63
45
36
52
36
37
564
34
99
50
46
59
106
47
92
449
1037
116
273
33
56
96
48
52
29
88
46
48
141
32
320
160
56
66
28
41
34
218
34
48
112
89
75
43
35
30
111
31
29
34
55
40
40
29
210
99
595
69
80
28
28
77
86
180
510
28
63
104
44
44
199
36
49
29
327
42
93
35
54
57
242
34
63
198
79
105
58
36
257
62
58
175
29
58
41
40
29
41
30
48
144
217
66
333
33
170
105
33
49
32
40
94
53
72
237
75
829
35
86
39
51
35
40
79
65
51
82
162
93
110
56
99
118
80
49
51
28
30
29
47
192
386
455
29
102
41
28
169
50
33
47
43
42
62
143
28
94
37
117
36
927
54
47
39
811
118
66
29
32
72
29
34
34
377
151
99
59
37
90
48
376
46
453
31
62
69
107
68
41
403
99
237
135
39
67
46
82
32
148
61
108
32
59
77
92
35
256
28
205
210
265
43
29
313
44
40
57
37
120
50
140
33
147
34
32
45
38
44
146
30
32
258
55
51
28
29
48
42
178
120
58
56
56
87
58
86
77
92
52
112
39
48
231
30
101
80
53
33
42
60
40
37
77
39
34
34
81
96
260
29
35
41
60
303
205
37
120
113
141
40
72
70
54
301
47
38
216
53
65
45
112
30
76
36
28
42
444
28
32
434
92
55
464
56
87
635
38
55
92
117
41
46
105
53
136
49
101
71
42
122
62
38
195
101
32
70
64
115
32
32
32
52
55
95
261
69
57
31
46
57
50
30
35
34
32
360
34
29
41
178
37
28
43
64
65
102
38
84
36
28
94
57
63
270
153
157
114
118
38
51
31
41
58
43
564
90
42
80
58
37
29
43
240
41
178
198
121
325
76
68
43
62
47
182
29
49
31
32
28
57
123
104
35
102
41
35
35
272
61
124
44
86
149
49
179
49
78
29
37
734
62
56
464
93
260
188
118
30
31
46
72
49
33
162
131
74
32
50
621
32
475
73
73
435
84
108
35
281
39
31
64
107
32
96
34
1896
104
96
93
136
35
29
433
719
112
106
34
182
87
72
31
246
238
39
39
164
54
116
102
29
58
29
46
295
67
27
27
61
42
45
158
56
40
40
-1
43
60
564
304
31
1048
43
43
60
43
57
56
60
38
36
40
96
115
37
47
32
65
46
113
54
36
63
35
46
294
41
58
226
34
358
66
27
28
132
43
29
133
48
30
32
55
127
43
100
64
147
66
149
31
137
74
90
66
32
46
218
82
31
48
92
336
35
28
57
33
105
34
302
31
322
110
317
126
45
49
65
113
200
30
107
71
34
55
381
44
74
34
698
42
139
116
200
189
47
487
37
40
28
67
41
87
352
135
40
100
100
118
211
30
46
538
70
95
76
33
38
28
52
82
106
90
40
33
42
298
50
498
83
34
102
119
33
118
51
49
32
32
84
50
50
27
162
65
160
39
59
42
55
46
60
96
92
34
110
36
43
81
126
59
112
59
217
32
85
37
35
45
36
118
135
51
81
73
30
204
45
275
48
68
29
263
71
202
33
47
39
112
29
305
177
28
27
198
123
52
620
168
53
33
54
59
86
51
35
90
29
220
36
38
30
140
42
77
2647
47
79
36
151
88
28
215
52
78
135
75
59
32
29
65
40
134
98
286
29
28
31
41
29
58
48
241
262
35
53
36
48
62
380
112
208
72
28
74
28
76
28
29
31
117
47
34
60
42
45
28
36
59
32
92
64
36
390
31
34
102
32
68
33
67
216
136
61
108
83
65
48
43
148
52
32
36
215
32
53
95
532
262
46
54
47
40
122
60
74
43
40
180
34
37
361
38
80
27
36
81
43
675
43
48
161
37
86
182
157
96
28
34
221
170
102
133
165
63
49
91
73
50
100
129
34
145
46
51
61
91
39
376
89
33
60
34
31
43
56
31
227
49
65
30
69
41
27
57
360
171
89
40
58
50
56
45
33
144
133
81
117
65
102
32
38
254
43
33
167
41
290
144
81
56
193
54
147
32
685
28
93
42
83
684
43
87
254
122
92
260
44
31
103
31
65
74
36
132
46
86
827
43
38
64
28
57
28
302
111
37
34
28
238
39
64
30
453
53
51
30
34
48
40
35
30
53
154
31
239
35
32
94
39
47
74
83
161
45
42
63
57
35
100
45
109
318
55
82
28
49
131
55
152
72
341
32
57
70
97
30
351
53
50
157
176
334
55
51
28
48
49
36
29
364
50
302
54
36
32
65
38
99
48
36
761
63
34
55
64
64
68
32
41
36
40
76
146
309
56
47
33
48
47
48
58
102
76
303
627
38
294
44
127
81
112
28
64
32
41
41
135
33
172
29
41
134
151
59
28
58
62
33
35
93
30
106
44
209
248
168
43
36
30
30
35
95
314
117
52
62
92
59
76
64
102
74
31
97
36
38
93
57
85
50
94
36
49
54
1033
43
129
59
56
41
83
35
389
72
45
37
41
256
29
32
47
96
41
64
35
30
72
27
63
39
48
35
64
124
55
164
100
120
30
57
93
37
51
205
160
173
135
117
404
243
136
115
37
31
453
32
30
54
75
644
61
37
35
44
47
53
223
43
30
34
82
886
104
88
44
130
58
73
42
57
265
104
152
179
107
61
154
195
59
35
34
30
28
66
44
246
32
58
484
28
200
44
62
50
44
109
51
346
64
99
52
37
37
150
81
275
28
52
35
44
174
70
45
36
69
247
37
35
38
317
40
39
32
541
35
58
82
50
51
685
92
183
49
36
43
500
44
51
116
34
239
920
41
32
58
29
83
111
94
41
33
50
34
92
45
100
30
72
76
45
69
86
29
34
59
29
30
185
118
55
36
51
107
41
207
44
32
78
38
28
92
40
242
38
132
59
80
28
56
40
1312
41
58
59
66
30
35
33
79
41
29
36
54
33
331
141
445
33
34
30
38
335
245
28
50
35
28
71
41
58
458
31
252
28
646
36
50
50
144
54
28
30
302
144
86
102
44
53
41
121
399
72
53
104
118
31
66
149
30
45
46
35
27
31
63
45
142
57
81
100
145
81
53
49
47
100
100
361
40
38
65
56
54
46
212
293
36
34
58
207
66
170
49
58
99
44
89
85
82
44
79
93
84
42
157
199
234
34
53
115
50
142
56
59
64
33
28
62
104
85
45
44
89
48
73
49
38
126
52
316
51
43
186
69
39
62
65
33
105
75
41
73
31
37
39
59
36
88
60
70
254
66
110
186
464
33
831
609
117
50
126
166
58
41
140
49
304
53
118
48
180
160
115
42
71
51
490
30
57
30
34
48
94
57
34
171
151
38
63
35
160
38
60
108
406
103
167
33
59
84
99
46
54
34
29
35
36
85
179
165
39
97
170
50
101
29
456
38
66
36
376
141
28
168
38
39
58
75
45
34
49
130
30
113
90
34
32
38
29
52
176
64
233
64
30
29
139
47
108
64
35
57
83
30
31
67
30
68
89
39
40
40
99
211
38
91
43
61
332
30
57
63
33
30
140
482
31
56
217
52
55
34
108
32
42
74
45
48
58
99
32
65
54
48
111
58
49
38
41
32
152
65
43
85
40
101
64
189
38
191
243
182
131
36
201
38
37
38
62
109
50
169
76
85
76
1200
56
33
104
445
30
28
36
39
623
29
48
40
41
54
36
48
49
37
56
36
30
75
55
40
145
157
44
31
61
31
32
65
33
61
35
55
36
46
97
52
32
41
188
40
44
188
48
43
276
62
47
30
200
32
90
29
343
104
28
96
28
30
88
35
68
29
43
48
95
30
74
83
179
86
41
39
30
43
219
52
105
133
35
201
30
156
45
40
78
450
192
528
72
35
47
39
223
107
30
80
69
41
142
32
251
97
96
120
42
40
39
59
107
199
79
76
41
27
78
160
34
49
36
34
52
249
210
49
58
81
43
29
44
200
127
102
78
392
44
105
68
52
154
64
28
102
140
64
28
41
42
88
41
149
260
69
426
55
34
38
195
106
77
65
97
264
48
329
54
91
29
57
28
147
49
45
71
54
36
59
35
31
698
54
55
275
52
683
69
32
110
405
36
152
34
38
43
44
119
33
58
172
254
127
28
130
52
75
263
41
76
52
188
37
54
72
46
70
58
136
42
141
328
48
190
30
36
99
40
87
289
73
29
56
52
30
95
72
56
73
40
59
57
28
99
207
30
111
35
78
63
36
29
59
49
88
131
407
55
36
39
29
31
45
80
31
532
90
46
218
43
136
40
149
66
74
113
50
40
29
62
44
45
54
37
31
36
46
47
69
883
33
114
161
454
37
149
34
28
41
61
44
42
34
97
526
44
127
78
125
363
59
49
36
52
50
48
107
40
40
33
131
39
57
46
28
92
59
76
292
43
367
32
46
50
59
194
106
47
386
44
53
40
30
879
44
36
38
42
90
41
38
51
77
42
108
75
59
814
60
60
62
336
61
28
67
206
29
261
96
38
305
33
29
71
30
164
65
36
110
53
119
204
337
329
80
40
36
31
40
63
97
75
36
103
50
317
74
191
70
37
32
51
111
69
259
65
340
203
28
89
219
31
53
52
48
33
34
34
85
300
132
54
38
102
33
933
133
635
61
67
35
161
29
338
347
83
58
181
28
63
106
61
196
28
36
67
102
34
85
53
84
39
85
1130
33
47
35
35
97
44
55
47
36
42
195
68
78
99
33
42
30
32
29
57
80
113
48
35
38
140
42
136
35
32
56
42
30
44
42
411
28
41
469
30
253
67
56
71
125
30
80
30
70
256
510
39
306
74
52
51
28
94
36
40
55
500
58
55
68
31
160
158
35
933
255
29
211
83
154
34
41
55
229
140
192
50
52
31
40
44
101
71
43
79
65
60
152
212
33
49
65
33
89
97
32
87
309
55
46
76
37
149
133
54
112
39
31
40
28
272
52
263
37
85
569
75
71
113
197
45
30
264
62
33
240
49
30
59
30
185
130
57
32
43
46
147
48
159
35
31
70
118
2564
134
29
41
39
28
32
30
54
29
184
262
135
251
153
35
57
36
54
37
144
28
50
1033
31
43
81
66
48
115
109
29
59
39
84
635
59
38
55
646
60
205
103
51
56
34
49
63
29
30
70
37
48
51
40
257
59
31
28
30
86
30
51
38
479
125
54
238
38
47
191
31
49
72
127
77
222
69
34
399
245
218
77
210
61
32
46
54
35
28
28
60
54
39
122
42
30
41
135
28
117
30
97
48
132
378
48
32
93
58
47
28
90
34
115
395
56
905
115
68
53
432
27
60
30
83
117
47
130
484
74
43
90
33
66
39
65
59
43
79
77
205
154
31
50
163
41
39
44
81
56
126
97
51
66
56
34
31
50
61
31
34
144
114
180
237
143
40
33
79
51
34
53
49
29
50
51
133
100
47
74
49
141
237
52
40
100
35
62
62
30
44
135
49
141
30
393
38
376
199
80
34
57
260
65
106
75
28
31
29
90
59
64
37
33
28
33
68
32
110
39
241
32
90
35
388
106
43
379
33
74
53
30
53
224
85
45
36
177
82
93
66
43
42
135
66
1582
36
51
97
86
46
33
36
47
70
30
59
113
56
72
36
88
48
70
72
32
87
52
77
342
96
68
38
126
36
70
135
90
281
77
30
154
90
84
38
358
44
125
82
43
41
106
28
71
290
76
53
162
68
265
37
31
114
348
109
65
75
347
125
136
144
35
88
141
43
28
34
82
167
32
42
38
55
38
57
52
47
38
515
89
39
47
167
41
146
71
48
123
38
48
56
60
34
45
40
77
34
468
32
28
63
30
38
182
348
53
144
35
52
114
49
29
29
39
118
221
724
41
85
30
51
106
103
31
31
33
54
61
380
34
41
75
237
35
282
46
33
42
69
28
72
541
319
41
103
46
54
34
36
135
39
49
754
100
52
31
40
64
233
265
95
274
87
134
117
27
37
72
44
33
35
442
103
43
105
61
139
126
261
85
325
403
31
63
31
29
36
30
29
466
62
34
32
38
58
44
39
42
49
360
96
31
72
128
46
101
66
31
109
94
29
52
36
76
78
135
38
43
186
39
41
48
113
67
36
47
33
35
41
78
145
34
81
28
164
48
50
58
52
43
55
36
40
60
150
109
67
39
49
41
71
238
33
42
78
226
71
60
66
35
32
116
37
59
273
152
78
31
102
48
172
29
272
36
38
144
44
40
365
104
44
57
65
2350
117
209
80
67
35
31
207
50
32
30
244
50
29
38
35
56
380
97
41
49
42
151
34
275
76
38
87
66
290
50
70
115
73
48
183
56
94
200
32
100
52
46
44
105
44
151
314
30
194
53
256
30
41
63
275
35
118
193
49
64
93
43
127
59
37
44
273
70
62
54
44
51
93
275
93
57
40
183
33
30
41
38
33
348
42
30
91
261
60
31
137
34
30
34
63
178
132
96
58
51
46
91
80
61
126
64
92
239
29
36
107
156
44
37
170
219
69
38
40
32
51
41
423
56
48
35
218
129
470
39
29
62
120
48
71
34
40
54
48
83
59
47
28
133
77
41
67
82
29
44
31
50
48
225
35
492
41
204
57
50
30
41
36
63
53
33
99
32
54
73
68
43
178
56
62
45
106
28
33
213
63
174
254
45
35
39
68
30
248
28
40
29
122
44
859
33
83
36
33
367
28
105
76
42
37
57
42
40
101
68
29
28
145
63
190
104
152
73
75
37
113
45
41
37
43
30
30
120
48
30
160
34
114
87
899
31
149
34
80
136
37
120
36
44
281
234
164
66
40
662
263
391
33
58
50
53
48
46
113
34
30
51
35
28
60
60
64
194
42
76
127
35
28
35
32
74
47
55
29
120
471
60
203
144
191
30
133
30
44
56
62
28
51
39
76
113
426
49
32
294
195
29
43
32
46
41
50
340
156
281
39
31
118
30
43
50
136
73
104
65
38
29
34
116
111
96
48
40
37
187
74
36
79
34
234
788
49
46
42
33
31
29
158
37
59
62
45
77
71
116
58
117
81
61
102
121
32
30
43
219
136
92
59
100
29
30
40
198
96
89
59
98
49
46
66
38
41
53
62
239
56
153
28
219
59
55
83
157
51
53
113
40
37
43
230
175
29
45
72
152
35
86
32
136
69
68
234
35
31
101
29
60
41
53
131
77
41
36
117
49
42
234
132
34
155
92
153
33
43
275
141
53
35
109
31
49
61
45
273
59
91
390
38
33
58
47
740
28
93
64
53
60
230
200
59
32
43
505
42
405
94
240
62
29
62
40
175
368
35
183
58
54
37
38
119
56
32
210
207
33
95
117
34
39
34
43
30
59
98
136
31
590
52
30
34
63
32
31
87
95
28
28
49
120
80
192
76
45
30
72
217
56
30
63
102
147
53
50
29
291
39
29
83
137
100
86
55
291
37
122
49
71
45
91
240
116
111
62
127
64
47
115
176
45
105
49
50
32
38
38
173
37
607
43
36
43
62
31
131
122
32
133
93
68
98
28
135
41
55
115
73
98
46
29
189
28
310
33
84
92
29
94
77
38
112
83
67
36
112
145
66
49
91
61
198
110
93
51
64
32
71
101
51
67
118
66
55
257
31
38
56
39
74
44
154
146
116
56
335
48
73
52
32
152
253
48
154
30
191
81
67
93
47
168
31
166
57
168
53
55
98
34
30
53
68
47
109
30
30
32
74
46
43
37
69
75
500
37
241
29
41
59
80
135
74
85
61
29
35
29
128
42
150
40
330
53
38
32
40
66
29
48
128
60
46
31
43
32
58
31
44
49
49
78
28
49
31
46
48
50
40
216
32
36
28
53
72
36
40
37
31
57
42
34
76
56
169
36
34
The time we used is: 277.000000
